{
 "cells": [
  {
   "cell_type": "code",
   "execution_count": 15,
   "metadata": {},
   "outputs": [],
   "source": [
    "# Importo le librerie necessarie per il codice\n",
    "\n",
    "import numpy as np\n",
    "import scipy as sc\n",
    "import matplotlib.pyplot as plt\n",
    "import pandas as pd\n",
    "import plotly.express as px\n",
    "import plotly.graph_objects as go\n",
    "pd.set_option('display.max_columns', None)\n",
    "\n",
    "# Elenco dei file da leggere\n",
    "files = ['portieri_23.xlsx', 'portieri_22.xlsx', 'portieri_21.xlsx', 'portieri_20.xlsx', 'portieri_19.xlsx']\n",
    "\n",
    "# Faccio un dizionario per mappare i file agli anni\n",
    "year_mapping = {'portieri_23.xlsx': 2023,'portieri_22.xlsx': 2022,'portieri_21.xlsx': 2021,'portieri_20.xlsx': 2020,'portieri_19.xlsx': 2019}\n",
    "\n"
   ]
  },
  {
   "cell_type": "code",
   "execution_count": 16,
   "metadata": {},
   "outputs": [
    {
     "data": {
      "application/vnd.plotly.v1+json": {
       "config": {
        "plotlyServerURL": "https://plot.ly"
       },
       "data": [
        {
         "coloraxis": "coloraxis",
         "hovertemplate": "x: %{x}<br>y: %{y}<br>color: %{z}<extra></extra>",
         "name": "0",
         "type": "heatmap",
         "x": [
          "Age",
          "MP",
          "Starts",
          "Min",
          "GA",
          "SoTA",
          "Saves",
          "CS",
          "PKatt",
          "PKA",
          "PKsv",
          "PKm",
          "FK",
          "CK",
          "OG",
          "Cmp",
          "Att",
          "Att (GK)",
          "Thr",
          "Att.1",
          "Opp",
          "Stp"
         ],
         "xaxis": "x",
         "y": [
          "Age",
          "MP",
          "Starts",
          "Min",
          "GA",
          "SoTA",
          "Saves",
          "CS",
          "PKatt",
          "PKA",
          "PKsv",
          "PKm",
          "FK",
          "CK",
          "OG",
          "Cmp",
          "Att",
          "Att (GK)",
          "Thr",
          "Att.1",
          "Opp",
          "Stp"
         ],
         "yaxis": "y",
         "z": [
          [
           1,
           0.11444457576490238,
           0.11921261621946887,
           -0.1633992251784248,
           0.13835362257545372,
           0.09872285305469573,
           0.08331040980317168,
           0.0895323082844215,
           0.16046441401105288,
           0.1749235444977615,
           -0.06723562467833986,
           0.15838177156978717,
           -0.00317460495204824,
           0.024388234923086113,
           0.2703983176888664,
           0.038712465773585246,
           0.036624892988459175,
           0.03920210510352828,
           0.014827524655960227,
           0.1007479508215223,
           0.08941590795474985,
           -0.07140020651033709
          ],
          [
           0.11444457576490238,
           1,
           0.9995255504480952,
           -0.3944567615895589,
           0.9002894599287249,
           0.9708614905044156,
           0.9716878351716602,
           0.8009073229945387,
           0.813845536669986,
           0.7331008383309171,
           0.5965897719537383,
           0.3721865050602199,
           0.4568641807780654,
           0.7987236850675037,
           0.438442114749947,
           0.8864648153742145,
           0.8944643064662727,
           0.9649403321381724,
           0.9369292422021519,
           0.9602923845196806,
           0.9729819737629803,
           0.8227133909121638
          ],
          [
           0.11921261621946887,
           0.9995255504480952,
           1,
           -0.392184654860282,
           0.9007401805355448,
           0.9712237813954606,
           0.9720184356726467,
           0.8001949845768827,
           0.8127926359103543,
           0.7318052776741522,
           0.5976455793414931,
           0.37107030160586246,
           0.4579923280840314,
           0.799375684575369,
           0.44161944689865046,
           0.8858452166791307,
           0.8939679372777432,
           0.9649585017669958,
           0.9376555413048228,
           0.9611096610119314,
           0.9734733233244764,
           0.8231142223187545
          ],
          [
           -0.1633992251784248,
           -0.3944567615895589,
           -0.392184654860282,
           1,
           -0.37276360193826297,
           -0.4110539950464467,
           -0.4129071711431078,
           -0.24774125109280817,
           -0.36470694830410705,
           -0.3454467669684078,
           -0.29585483105066035,
           -0.05869466423791505,
           -0.21057223395378188,
           -0.3234123216274811,
           -0.05653663473897231,
           -0.36155275461757114,
           -0.3629104559874657,
           -0.37698409330699956,
           -0.35309822448147327,
           -0.3998354316765717,
           -0.42299860238401416,
           -0.3094623438304777
          ],
          [
           0.13835362257545372,
           0.9002894599287249,
           0.9007401805355448,
           -0.37276360193826297,
           1,
           0.9501020032557165,
           0.8988150609479729,
           0.4904519639556305,
           0.8487179229512057,
           0.8036322832393064,
           0.49386065078931174,
           0.3678386420584769,
           0.4593738565351549,
           0.8864122684467783,
           0.5971456483374978,
           0.7913782620390983,
           0.8479594875534765,
           0.8354578736368573,
           0.8328417972951891,
           0.9025766353368695,
           0.9150209638563522,
           0.7110009401008145
          ],
          [
           0.09872285305469573,
           0.9708614905044156,
           0.9712237813954606,
           -0.4110539950464467,
           0.9501020032557165,
           1,
           0.9905629132895205,
           0.6908165838526118,
           0.8510181087075077,
           0.7894716667978711,
           0.586741537118972,
           0.3324383679094737,
           0.4546508643601026,
           0.8564403950796737,
           0.45724647983183997,
           0.8727015933954682,
           0.904077476230031,
           0.9374333973984816,
           0.9352442582107768,
           0.9605879477465694,
           0.962363855024332,
           0.7991205585803323
          ],
          [
           0.08331040980317168,
           0.9716878351716602,
           0.9720184356726467,
           -0.4129071711431078,
           0.8988150609479729,
           0.9905629132895205,
           1,
           0.7586504949201814,
           0.8226911499973473,
           0.7578469246997234,
           0.5978481281948506,
           0.30865673610177347,
           0.4372373131532248,
           0.8154688268884472,
           0.39204448246311785,
           0.883790386933826,
           0.9026129131771182,
           0.9515874127965196,
           0.9489782926219251,
           0.9571469508884276,
           0.9540280627987386,
           0.8147577227560353
          ],
          [
           0.0895323082844215,
           0.8009073229945387,
           0.8001949845768827,
           -0.24774125109280817,
           0.4904519639556305,
           0.6908165838526118,
           0.7586504949201814,
           1,
           0.552246222482533,
           0.4581856341605784,
           0.49902577105357904,
           0.31381397354986484,
           0.22382202043533792,
           0.4357411853845118,
           0.15178387595697518,
           0.7072999308008971,
           0.6707090647857737,
           0.824973559759997,
           0.7962147443127234,
           0.7260950558351376,
           0.7297219192873438,
           0.7149605829051711
          ],
          [
           0.16046441401105288,
           0.813845536669986,
           0.8127926359103543,
           -0.36470694830410705,
           0.8487179229512057,
           0.8510181087075077,
           0.8226911499973473,
           0.552246222482533,
           1,
           0.9513135663386769,
           0.5548840579090911,
           0.44583274109308174,
           0.40840888342438075,
           0.6829087626325722,
           0.3708543527894062,
           0.6480569194758459,
           0.7153422548452156,
           0.7950050858031782,
           0.8438186992638008,
           0.785463990790029,
           0.7898758307874537,
           0.6466514433470489
          ],
          [
           0.1749235444977615,
           0.7331008383309171,
           0.7318052776741522,
           -0.3454467669684078,
           0.8036322832393064,
           0.7894716667978711,
           0.7578469246997234,
           0.4581856341605784,
           0.9513135663386769,
           1,
           0.3352676118933939,
           0.2342019967844662,
           0.42187459387462184,
           0.6302437849411148,
           0.3136862845233798,
           0.6329520170589803,
           0.700813301379547,
           0.7196647012786639,
           0.7578009479529026,
           0.724029545377557,
           0.7124439062428198,
           0.6164641875959446
          ],
          [
           -0.06723562467833986,
           0.5965897719537383,
           0.5976455793414931,
           -0.29585483105066035,
           0.49386065078931174,
           0.586741537118972,
           0.5978481281948506,
           0.49902577105357904,
           0.5548840579090911,
           0.3352676118933939,
           1,
           0.2758386421836852,
           0.25138989237163045,
           0.5097251203303649,
           0.11395653758469625,
           0.3805588638010123,
           0.3954754145902066,
           0.5948973182516859,
           0.6540886042811339,
           0.5071305022489218,
           0.5670248043914418,
           0.4256383138081148
          ],
          [
           0.15838177156978717,
           0.3721865050602199,
           0.37107030160586246,
           -0.05869466423791505,
           0.3678386420584769,
           0.3324383679094737,
           0.30865673610177347,
           0.31381397354986484,
           0.44583274109308174,
           0.2342019967844662,
           0.2758386421836852,
           1,
           0.0021497871171221464,
           0.22644999874461086,
           0.43991753485406127,
           0.18433506711277764,
           0.2231354374371368,
           0.32312020710329165,
           0.3426404285793218,
           0.3576123854757311,
           0.3606556472330503,
           0.19577123189526127
          ],
          [
           -0.00317460495204824,
           0.4568641807780654,
           0.4579923280840314,
           -0.21057223395378188,
           0.4593738565351549,
           0.4546508643601026,
           0.4372373131532248,
           0.22382202043533792,
           0.40840888342438075,
           0.42187459387462184,
           0.25138989237163045,
           0.0021497871171221464,
           1,
           0.47112431799786986,
           0.2450344764820712,
           0.3968989636908677,
           0.37615044032844885,
           0.42968327413158885,
           0.4043231779087535,
           0.440245822645037,
           0.42981628430779306,
           0.29838553827025577
          ],
          [
           0.024388234923086113,
           0.7987236850675037,
           0.799375684575369,
           -0.3234123216274811,
           0.8864122684467783,
           0.8564403950796737,
           0.8154688268884472,
           0.4357411853845118,
           0.6829087626325722,
           0.6302437849411148,
           0.5097251203303649,
           0.22644999874461086,
           0.47112431799786986,
           1,
           0.5218335768179589,
           0.6991323682833316,
           0.7628251521721464,
           0.7444244541920149,
           0.7614343023854184,
           0.8023464105143974,
           0.8151796259058145,
           0.6479509049231718
          ],
          [
           0.2703983176888664,
           0.438442114749947,
           0.44161944689865046,
           -0.05653663473897231,
           0.5971456483374978,
           0.45724647983183997,
           0.39204448246311785,
           0.15178387595697518,
           0.3708543527894062,
           0.3136862845233798,
           0.11395653758469625,
           0.43991753485406127,
           0.2450344764820712,
           0.5218335768179589,
           1,
           0.39312150698651077,
           0.4346346722079559,
           0.3256738651620948,
           0.3360280838930543,
           0.4761169973657724,
           0.5401445947834267,
           0.3644022918930084
          ],
          [
           0.038712465773585246,
           0.8864648153742145,
           0.8858452166791307,
           -0.36155275461757114,
           0.7913782620390983,
           0.8727015933954682,
           0.883790386933826,
           0.7072999308008971,
           0.6480569194758459,
           0.6329520170589803,
           0.3805588638010123,
           0.18433506711277764,
           0.3968989636908677,
           0.6991323682833316,
           0.39312150698651077,
           1,
           0.9804018918964762,
           0.8826188789942614,
           0.8019992084461973,
           0.9207920661974004,
           0.873872962866821,
           0.8245897471860467
          ],
          [
           0.036624892988459175,
           0.8944643064662727,
           0.8939679372777432,
           -0.3629104559874657,
           0.8479594875534765,
           0.904077476230031,
           0.9026129131771182,
           0.6707090647857737,
           0.7153422548452156,
           0.700813301379547,
           0.3954754145902066,
           0.2231354374371368,
           0.37615044032844885,
           0.7628251521721464,
           0.4346346722079559,
           0.9804018918964762,
           1,
           0.8846696746405933,
           0.8225929601121943,
           0.9319944151150141,
           0.8921796467324428,
           0.8319928662399008
          ],
          [
           0.03920210510352828,
           0.9649403321381724,
           0.9649585017669958,
           -0.37698409330699956,
           0.8354578736368573,
           0.9374333973984816,
           0.9515874127965196,
           0.824973559759997,
           0.7950050858031782,
           0.7196647012786639,
           0.5948973182516859,
           0.32312020710329165,
           0.42968327413158885,
           0.7444244541920149,
           0.3256738651620948,
           0.8826188789942614,
           0.8846696746405933,
           1,
           0.9469274906175655,
           0.902474389026409,
           0.9169363516262343,
           0.8713812726050381
          ],
          [
           0.014827524655960227,
           0.9369292422021519,
           0.9376555413048228,
           -0.35309822448147327,
           0.8328417972951891,
           0.9352442582107768,
           0.9489782926219251,
           0.7962147443127234,
           0.8438186992638008,
           0.7578009479529026,
           0.6540886042811339,
           0.3426404285793218,
           0.4043231779087535,
           0.7614343023854184,
           0.3360280838930543,
           0.8019992084461973,
           0.8225929601121943,
           0.9469274906175655,
           1,
           0.8896578243175988,
           0.8995332379348957,
           0.8413777671989113
          ],
          [
           0.1007479508215223,
           0.9602923845196806,
           0.9611096610119314,
           -0.3998354316765717,
           0.9025766353368695,
           0.9605879477465694,
           0.9571469508884276,
           0.7260950558351376,
           0.785463990790029,
           0.724029545377557,
           0.5071305022489218,
           0.3576123854757311,
           0.440245822645037,
           0.8023464105143974,
           0.4761169973657724,
           0.9207920661974004,
           0.9319944151150141,
           0.902474389026409,
           0.8896578243175988,
           1,
           0.953106029939551,
           0.7770858288497112
          ],
          [
           0.08941590795474985,
           0.9729819737629803,
           0.9734733233244764,
           -0.42299860238401416,
           0.9150209638563522,
           0.962363855024332,
           0.9540280627987386,
           0.7297219192873438,
           0.7898758307874537,
           0.7124439062428198,
           0.5670248043914418,
           0.3606556472330503,
           0.42981628430779306,
           0.8151796259058145,
           0.5401445947834267,
           0.873872962866821,
           0.8921796467324428,
           0.9169363516262343,
           0.8995332379348957,
           0.953106029939551,
           1,
           0.8341764707226551
          ],
          [
           -0.07140020651033709,
           0.8227133909121638,
           0.8231142223187545,
           -0.3094623438304777,
           0.7110009401008145,
           0.7991205585803323,
           0.8147577227560353,
           0.7149605829051711,
           0.6466514433470489,
           0.6164641875959446,
           0.4256383138081148,
           0.19577123189526127,
           0.29838553827025577,
           0.6479509049231718,
           0.3644022918930084,
           0.8245897471860467,
           0.8319928662399008,
           0.8713812726050381,
           0.8413777671989113,
           0.7770858288497112,
           0.8341764707226551,
           1
          ]
         ]
        }
       ],
       "layout": {
        "coloraxis": {
         "colorscale": [
          [
           0,
           "#0d0887"
          ],
          [
           0.1111111111111111,
           "#46039f"
          ],
          [
           0.2222222222222222,
           "#7201a8"
          ],
          [
           0.3333333333333333,
           "#9c179e"
          ],
          [
           0.4444444444444444,
           "#bd3786"
          ],
          [
           0.5555555555555556,
           "#d8576b"
          ],
          [
           0.6666666666666666,
           "#ed7953"
          ],
          [
           0.7777777777777778,
           "#fb9f3a"
          ],
          [
           0.8888888888888888,
           "#fdca26"
          ],
          [
           1,
           "#f0f921"
          ]
         ]
        },
        "template": {
         "data": {
          "bar": [
           {
            "error_x": {
             "color": "#2a3f5f"
            },
            "error_y": {
             "color": "#2a3f5f"
            },
            "marker": {
             "line": {
              "color": "#E5ECF6",
              "width": 0.5
             },
             "pattern": {
              "fillmode": "overlay",
              "size": 10,
              "solidity": 0.2
             }
            },
            "type": "bar"
           }
          ],
          "barpolar": [
           {
            "marker": {
             "line": {
              "color": "#E5ECF6",
              "width": 0.5
             },
             "pattern": {
              "fillmode": "overlay",
              "size": 10,
              "solidity": 0.2
             }
            },
            "type": "barpolar"
           }
          ],
          "carpet": [
           {
            "aaxis": {
             "endlinecolor": "#2a3f5f",
             "gridcolor": "white",
             "linecolor": "white",
             "minorgridcolor": "white",
             "startlinecolor": "#2a3f5f"
            },
            "baxis": {
             "endlinecolor": "#2a3f5f",
             "gridcolor": "white",
             "linecolor": "white",
             "minorgridcolor": "white",
             "startlinecolor": "#2a3f5f"
            },
            "type": "carpet"
           }
          ],
          "choropleth": [
           {
            "colorbar": {
             "outlinewidth": 0,
             "ticks": ""
            },
            "type": "choropleth"
           }
          ],
          "contour": [
           {
            "colorbar": {
             "outlinewidth": 0,
             "ticks": ""
            },
            "colorscale": [
             [
              0,
              "#0d0887"
             ],
             [
              0.1111111111111111,
              "#46039f"
             ],
             [
              0.2222222222222222,
              "#7201a8"
             ],
             [
              0.3333333333333333,
              "#9c179e"
             ],
             [
              0.4444444444444444,
              "#bd3786"
             ],
             [
              0.5555555555555556,
              "#d8576b"
             ],
             [
              0.6666666666666666,
              "#ed7953"
             ],
             [
              0.7777777777777778,
              "#fb9f3a"
             ],
             [
              0.8888888888888888,
              "#fdca26"
             ],
             [
              1,
              "#f0f921"
             ]
            ],
            "type": "contour"
           }
          ],
          "contourcarpet": [
           {
            "colorbar": {
             "outlinewidth": 0,
             "ticks": ""
            },
            "type": "contourcarpet"
           }
          ],
          "heatmap": [
           {
            "colorbar": {
             "outlinewidth": 0,
             "ticks": ""
            },
            "colorscale": [
             [
              0,
              "#0d0887"
             ],
             [
              0.1111111111111111,
              "#46039f"
             ],
             [
              0.2222222222222222,
              "#7201a8"
             ],
             [
              0.3333333333333333,
              "#9c179e"
             ],
             [
              0.4444444444444444,
              "#bd3786"
             ],
             [
              0.5555555555555556,
              "#d8576b"
             ],
             [
              0.6666666666666666,
              "#ed7953"
             ],
             [
              0.7777777777777778,
              "#fb9f3a"
             ],
             [
              0.8888888888888888,
              "#fdca26"
             ],
             [
              1,
              "#f0f921"
             ]
            ],
            "type": "heatmap"
           }
          ],
          "heatmapgl": [
           {
            "colorbar": {
             "outlinewidth": 0,
             "ticks": ""
            },
            "colorscale": [
             [
              0,
              "#0d0887"
             ],
             [
              0.1111111111111111,
              "#46039f"
             ],
             [
              0.2222222222222222,
              "#7201a8"
             ],
             [
              0.3333333333333333,
              "#9c179e"
             ],
             [
              0.4444444444444444,
              "#bd3786"
             ],
             [
              0.5555555555555556,
              "#d8576b"
             ],
             [
              0.6666666666666666,
              "#ed7953"
             ],
             [
              0.7777777777777778,
              "#fb9f3a"
             ],
             [
              0.8888888888888888,
              "#fdca26"
             ],
             [
              1,
              "#f0f921"
             ]
            ],
            "type": "heatmapgl"
           }
          ],
          "histogram": [
           {
            "marker": {
             "pattern": {
              "fillmode": "overlay",
              "size": 10,
              "solidity": 0.2
             }
            },
            "type": "histogram"
           }
          ],
          "histogram2d": [
           {
            "colorbar": {
             "outlinewidth": 0,
             "ticks": ""
            },
            "colorscale": [
             [
              0,
              "#0d0887"
             ],
             [
              0.1111111111111111,
              "#46039f"
             ],
             [
              0.2222222222222222,
              "#7201a8"
             ],
             [
              0.3333333333333333,
              "#9c179e"
             ],
             [
              0.4444444444444444,
              "#bd3786"
             ],
             [
              0.5555555555555556,
              "#d8576b"
             ],
             [
              0.6666666666666666,
              "#ed7953"
             ],
             [
              0.7777777777777778,
              "#fb9f3a"
             ],
             [
              0.8888888888888888,
              "#fdca26"
             ],
             [
              1,
              "#f0f921"
             ]
            ],
            "type": "histogram2d"
           }
          ],
          "histogram2dcontour": [
           {
            "colorbar": {
             "outlinewidth": 0,
             "ticks": ""
            },
            "colorscale": [
             [
              0,
              "#0d0887"
             ],
             [
              0.1111111111111111,
              "#46039f"
             ],
             [
              0.2222222222222222,
              "#7201a8"
             ],
             [
              0.3333333333333333,
              "#9c179e"
             ],
             [
              0.4444444444444444,
              "#bd3786"
             ],
             [
              0.5555555555555556,
              "#d8576b"
             ],
             [
              0.6666666666666666,
              "#ed7953"
             ],
             [
              0.7777777777777778,
              "#fb9f3a"
             ],
             [
              0.8888888888888888,
              "#fdca26"
             ],
             [
              1,
              "#f0f921"
             ]
            ],
            "type": "histogram2dcontour"
           }
          ],
          "mesh3d": [
           {
            "colorbar": {
             "outlinewidth": 0,
             "ticks": ""
            },
            "type": "mesh3d"
           }
          ],
          "parcoords": [
           {
            "line": {
             "colorbar": {
              "outlinewidth": 0,
              "ticks": ""
             }
            },
            "type": "parcoords"
           }
          ],
          "pie": [
           {
            "automargin": true,
            "type": "pie"
           }
          ],
          "scatter": [
           {
            "fillpattern": {
             "fillmode": "overlay",
             "size": 10,
             "solidity": 0.2
            },
            "type": "scatter"
           }
          ],
          "scatter3d": [
           {
            "line": {
             "colorbar": {
              "outlinewidth": 0,
              "ticks": ""
             }
            },
            "marker": {
             "colorbar": {
              "outlinewidth": 0,
              "ticks": ""
             }
            },
            "type": "scatter3d"
           }
          ],
          "scattercarpet": [
           {
            "marker": {
             "colorbar": {
              "outlinewidth": 0,
              "ticks": ""
             }
            },
            "type": "scattercarpet"
           }
          ],
          "scattergeo": [
           {
            "marker": {
             "colorbar": {
              "outlinewidth": 0,
              "ticks": ""
             }
            },
            "type": "scattergeo"
           }
          ],
          "scattergl": [
           {
            "marker": {
             "colorbar": {
              "outlinewidth": 0,
              "ticks": ""
             }
            },
            "type": "scattergl"
           }
          ],
          "scattermapbox": [
           {
            "marker": {
             "colorbar": {
              "outlinewidth": 0,
              "ticks": ""
             }
            },
            "type": "scattermapbox"
           }
          ],
          "scatterpolar": [
           {
            "marker": {
             "colorbar": {
              "outlinewidth": 0,
              "ticks": ""
             }
            },
            "type": "scatterpolar"
           }
          ],
          "scatterpolargl": [
           {
            "marker": {
             "colorbar": {
              "outlinewidth": 0,
              "ticks": ""
             }
            },
            "type": "scatterpolargl"
           }
          ],
          "scatterternary": [
           {
            "marker": {
             "colorbar": {
              "outlinewidth": 0,
              "ticks": ""
             }
            },
            "type": "scatterternary"
           }
          ],
          "surface": [
           {
            "colorbar": {
             "outlinewidth": 0,
             "ticks": ""
            },
            "colorscale": [
             [
              0,
              "#0d0887"
             ],
             [
              0.1111111111111111,
              "#46039f"
             ],
             [
              0.2222222222222222,
              "#7201a8"
             ],
             [
              0.3333333333333333,
              "#9c179e"
             ],
             [
              0.4444444444444444,
              "#bd3786"
             ],
             [
              0.5555555555555556,
              "#d8576b"
             ],
             [
              0.6666666666666666,
              "#ed7953"
             ],
             [
              0.7777777777777778,
              "#fb9f3a"
             ],
             [
              0.8888888888888888,
              "#fdca26"
             ],
             [
              1,
              "#f0f921"
             ]
            ],
            "type": "surface"
           }
          ],
          "table": [
           {
            "cells": {
             "fill": {
              "color": "#EBF0F8"
             },
             "line": {
              "color": "white"
             }
            },
            "header": {
             "fill": {
              "color": "#C8D4E3"
             },
             "line": {
              "color": "white"
             }
            },
            "type": "table"
           }
          ]
         },
         "layout": {
          "annotationdefaults": {
           "arrowcolor": "#2a3f5f",
           "arrowhead": 0,
           "arrowwidth": 1
          },
          "autotypenumbers": "strict",
          "coloraxis": {
           "colorbar": {
            "outlinewidth": 0,
            "ticks": ""
           }
          },
          "colorscale": {
           "diverging": [
            [
             0,
             "#8e0152"
            ],
            [
             0.1,
             "#c51b7d"
            ],
            [
             0.2,
             "#de77ae"
            ],
            [
             0.3,
             "#f1b6da"
            ],
            [
             0.4,
             "#fde0ef"
            ],
            [
             0.5,
             "#f7f7f7"
            ],
            [
             0.6,
             "#e6f5d0"
            ],
            [
             0.7,
             "#b8e186"
            ],
            [
             0.8,
             "#7fbc41"
            ],
            [
             0.9,
             "#4d9221"
            ],
            [
             1,
             "#276419"
            ]
           ],
           "sequential": [
            [
             0,
             "#0d0887"
            ],
            [
             0.1111111111111111,
             "#46039f"
            ],
            [
             0.2222222222222222,
             "#7201a8"
            ],
            [
             0.3333333333333333,
             "#9c179e"
            ],
            [
             0.4444444444444444,
             "#bd3786"
            ],
            [
             0.5555555555555556,
             "#d8576b"
            ],
            [
             0.6666666666666666,
             "#ed7953"
            ],
            [
             0.7777777777777778,
             "#fb9f3a"
            ],
            [
             0.8888888888888888,
             "#fdca26"
            ],
            [
             1,
             "#f0f921"
            ]
           ],
           "sequentialminus": [
            [
             0,
             "#0d0887"
            ],
            [
             0.1111111111111111,
             "#46039f"
            ],
            [
             0.2222222222222222,
             "#7201a8"
            ],
            [
             0.3333333333333333,
             "#9c179e"
            ],
            [
             0.4444444444444444,
             "#bd3786"
            ],
            [
             0.5555555555555556,
             "#d8576b"
            ],
            [
             0.6666666666666666,
             "#ed7953"
            ],
            [
             0.7777777777777778,
             "#fb9f3a"
            ],
            [
             0.8888888888888888,
             "#fdca26"
            ],
            [
             1,
             "#f0f921"
            ]
           ]
          },
          "colorway": [
           "#636efa",
           "#EF553B",
           "#00cc96",
           "#ab63fa",
           "#FFA15A",
           "#19d3f3",
           "#FF6692",
           "#B6E880",
           "#FF97FF",
           "#FECB52"
          ],
          "font": {
           "color": "#2a3f5f"
          },
          "geo": {
           "bgcolor": "white",
           "lakecolor": "white",
           "landcolor": "#E5ECF6",
           "showlakes": true,
           "showland": true,
           "subunitcolor": "white"
          },
          "hoverlabel": {
           "align": "left"
          },
          "hovermode": "closest",
          "mapbox": {
           "style": "light"
          },
          "paper_bgcolor": "white",
          "plot_bgcolor": "#E5ECF6",
          "polar": {
           "angularaxis": {
            "gridcolor": "white",
            "linecolor": "white",
            "ticks": ""
           },
           "bgcolor": "#E5ECF6",
           "radialaxis": {
            "gridcolor": "white",
            "linecolor": "white",
            "ticks": ""
           }
          },
          "scene": {
           "xaxis": {
            "backgroundcolor": "#E5ECF6",
            "gridcolor": "white",
            "gridwidth": 2,
            "linecolor": "white",
            "showbackground": true,
            "ticks": "",
            "zerolinecolor": "white"
           },
           "yaxis": {
            "backgroundcolor": "#E5ECF6",
            "gridcolor": "white",
            "gridwidth": 2,
            "linecolor": "white",
            "showbackground": true,
            "ticks": "",
            "zerolinecolor": "white"
           },
           "zaxis": {
            "backgroundcolor": "#E5ECF6",
            "gridcolor": "white",
            "gridwidth": 2,
            "linecolor": "white",
            "showbackground": true,
            "ticks": "",
            "zerolinecolor": "white"
           }
          },
          "shapedefaults": {
           "line": {
            "color": "#2a3f5f"
           }
          },
          "ternary": {
           "aaxis": {
            "gridcolor": "white",
            "linecolor": "white",
            "ticks": ""
           },
           "baxis": {
            "gridcolor": "white",
            "linecolor": "white",
            "ticks": ""
           },
           "bgcolor": "#E5ECF6",
           "caxis": {
            "gridcolor": "white",
            "linecolor": "white",
            "ticks": ""
           }
          },
          "title": {
           "x": 0.05
          },
          "xaxis": {
           "automargin": true,
           "gridcolor": "white",
           "linecolor": "white",
           "ticks": "",
           "title": {
            "standoff": 15
           },
           "zerolinecolor": "white",
           "zerolinewidth": 2
          },
          "yaxis": {
           "automargin": true,
           "gridcolor": "white",
           "linecolor": "white",
           "ticks": "",
           "title": {
            "standoff": 15
           },
           "zerolinecolor": "white",
           "zerolinewidth": 2
          }
         }
        },
        "title": {
         "text": "Matrice di Correlazione - Anno 2023"
        },
        "xaxis": {
         "anchor": "y",
         "constrain": "domain",
         "domain": [
          0,
          1
         ],
         "scaleanchor": "y"
        },
        "yaxis": {
         "anchor": "x",
         "autorange": "reversed",
         "constrain": "domain",
         "domain": [
          0,
          1
         ]
        }
       }
      }
     },
     "metadata": {},
     "output_type": "display_data"
    },
    {
     "data": {
      "application/vnd.plotly.v1+json": {
       "config": {
        "plotlyServerURL": "https://plot.ly"
       },
       "data": [
        {
         "coloraxis": "coloraxis",
         "hovertemplate": "x: %{x}<br>y: %{y}<br>color: %{z}<extra></extra>",
         "name": "0",
         "type": "heatmap",
         "x": [
          "Age",
          "MP",
          "Starts",
          "Min",
          "GA",
          "SoTA",
          "Saves",
          "CS",
          "PKatt",
          "PKA",
          "PKsv",
          "PKm",
          "FK",
          "CK",
          "OG",
          "Cmp",
          "Att",
          "Att (GK)",
          "Thr",
          "Att.1",
          "Opp",
          "Stp"
         ],
         "xaxis": "x",
         "y": [
          "Age",
          "MP",
          "Starts",
          "Min",
          "GA",
          "SoTA",
          "Saves",
          "CS",
          "PKatt",
          "PKA",
          "PKsv",
          "PKm",
          "FK",
          "CK",
          "OG",
          "Cmp",
          "Att",
          "Att (GK)",
          "Thr",
          "Att.1",
          "Opp",
          "Stp"
         ],
         "yaxis": "y",
         "z": [
          [
           1,
           -0.09422387800268675,
           -0.10110908166917316,
           -0.1766465234334988,
           -0.11989287432123089,
           -0.1732118133829311,
           -0.19485457230141037,
           -0.07639618688164126,
           -0.06960131524012504,
           -0.0322190332145134,
           -0.027937746591643442,
           -0.2773130662547672,
           -0.043263157524738506,
           -0.18639662003860136,
           -0.07017159303501545,
           -0.1210194325577477,
           -0.1643106625186631,
           -0.15200243734374985,
           -0.1210337970885738,
           -0.09875747147292459,
           -0.14569649387149114,
           -0.17691611495716184
          ],
          [
           -0.09422387800268675,
           1,
           0.9996399574575747,
           -0.36676306257018876,
           0.9377283847566786,
           0.9550490276832849,
           0.9505381315713252,
           0.8272908912383291,
           0.7577771596369907,
           0.7622074815508523,
           0.4288483214506042,
           0.38459606842500105,
           0.4859382741429377,
           0.811348603721837,
           0.7242029849422341,
           0.8885573880233077,
           0.8747066520919962,
           0.9563424276494175,
           0.9559970499707194,
           0.9668429308725525,
           0.9730285472237801,
           0.8550992216333327
          ],
          [
           -0.10110908166917316,
           0.9996399574575747,
           1,
           -0.3646220521285852,
           0.9398296753502376,
           0.9560888386772284,
           0.9510708310880709,
           0.8239023454534337,
           0.7606084559131736,
           0.7656818039963614,
           0.4305450246899452,
           0.38221215822127785,
           0.48687004645421594,
           0.813345425446608,
           0.725653620401304,
           0.8895269971319989,
