{
 "cells": [
  {
   "cell_type": "code",
   "execution_count": 11,
   "metadata": {},
   "outputs": [],
   "source": [
    "# Importo le librerie necessarie per il codice\n",
    "\n",
    "import numpy as np\n",
    "import scipy as sc\n",
    "import matplotlib.pyplot as plt\n",
    "import pandas as pd\n",
    "import plotly.express as px\n",
    "import plotly.graph_objects as go\n",
    "pd.set_option('display.max_columns', None)\n",
    "\n",
    "# Elenco dei file da leggere\n",
    "files = ['attaccanti_23.xlsx', 'attaccanti_22.xlsx', 'attaccanti_21.xlsx', 'attaccanti_20.xlsx', 'attaccanti_19.xlsx']\n",
    "\n",
    "# Faccio un dizionario per mappare i file agli anni\n",
    "year_mapping = {'attaccanti_23.xlsx': 2023,'attaccanti_22.xlsx': 2022,'attaccanti_21.xlsx': 2021,'attaccanti_20.xlsx': 2020,'attaccanti_19.xlsx': 2019}\n"
   ]
  },
  {
   "cell_type": "markdown",
   "metadata": {},
   "source": [
    "Iniziamo con un'analisi preliminare, escludendo le colonne relative al nome, la nazionalità e la squadra. Non verranno mai considerate in questa sezione, in quanto inutili per questo tipo di analisi \n"
   ]
  },
  {
   "cell_type": "code",
   "execution_count": 12,
   "metadata": {},
   "outputs": [
    {
     "name": "stdout",
     "output_type": "stream",
     "text": [
      "Le colonne usate per questa analisi sono ['Age', 'MP', 'Starts', 'Min', 'Gls', 'Ast', 'G+A', 'G-PK', 'PK', 'PKatt', 'CrdY', 'CrdR', 'xG', 'PrgP', 'PrgR', 'Sh', 'SoT', 'SoT%', 'G/Sh', 'G/SoT', 'Dist', 'FK', 'G-xG', 'Cmp', 'Att', 'Cmp%', 'xA', 'KP', 'PPA', 'CrsPA', 'SCA', 'GCA', 'Tkl', 'TklW', 'Mid 3rd', 'Att 3rd', 'Touches', 'Mid 3rd.1', 'Att 3rd.1', 'Att.1', 'Succ', 'Succ%', 'Carries', 'TotDist', '2CrdY', 'Fld', 'Off', 'Crs', 'Won', 'Lost', 'Won%', 'Duels']\n"
     ]
    },
    {
     "data": {
      "application/vnd.plotly.v1+json": {
       "config": {
        "plotlyServerURL": "https://plot.ly"
       },
       "data": [
        {
         "coloraxis": "coloraxis",
         "hovertemplate": "x: %{x}<br>y: %{y}<br>color: %{z}<extra></extra>",
         "name": "0",
         "type": "heatmap",
         "x": [
          "Age",
          "MP",
          "Starts",
          "Min",
          "Gls",
          "Ast",
          "G+A",
          "G-PK",
          "PK",
          "PKatt",
          "CrdY",
          "CrdR",
          "xG",
          "PrgP",
          "PrgR",
          "Sh",
          "SoT",
          "SoT%",
          "G/Sh",
          "G/SoT",
          "Dist",
          "FK",
          "G-xG",
          "Cmp",
          "Att",
          "Cmp%",
          "xA",
          "KP",
          "PPA",
          "CrsPA",
          "SCA",
          "GCA",
          "Tkl",
          "TklW",
          "Mid 3rd",
          "Att 3rd",
          "Touches",
          "Mid 3rd.1",
          "Att 3rd.1",
          "Att.1",
          "Succ",
          "Succ%",
          "Carries",
          "TotDist",
          "2CrdY",
          "Fld",
          "Off",
          "Crs",
          "Won",
          "Lost",
          "Won%",
          "Duels"
         ],
         "xaxis": "x",
         "y": [
          "Age",
          "MP",
          "Starts",
          "Min",
          "Gls",
          "Ast",
          "G+A",
          "G-PK",
          "PK",
          "PKatt",
          "CrdY",
          "CrdR",
          "xG",
          "PrgP",
          "PrgR",
          "Sh",
          "SoT",
          "SoT%",
          "G/Sh",
          "G/SoT",
          "Dist",
          "FK",
          "G-xG",
          "Cmp",
          "Att",
          "Cmp%",
          "xA",
          "KP",
          "PPA",
          "CrsPA",
          "SCA",
          "GCA",
          "Tkl",
          "TklW",
          "Mid 3rd",
          "Att 3rd",
          "Touches",
          "Mid 3rd.1",
          "Att 3rd.1",
          "Att.1",
          "Succ",
          "Succ%",
          "Carries",
          "TotDist",
          "2CrdY",
          "Fld",
          "Off",
          "Crs",
          "Won",
          "Lost",
          "Won%",
          "Duels"
         ],
         "yaxis": "y",
         "z": [
          [
           1,
           0.2211410155858123,
           0.17465082860572134,
           0.1448648864519049,
           0.1977745624104004,
           0.18262695776869764,
           0.20809235395463527,
           0.16845044942327345,
           0.19900427651838737,
           0.20689197601904621,
           0.05995471045549724,
           0.13218092055300554,
           0.21283006752942535,
           0.14761685906365524,
           0.1409306111053419,
           0.15245731175571484,
           0.15412875877927568,
           -0.015803686076907193,
           0.025271697450792663,
           0.11240843880113524,
           -0.09898429263203225,
           0.12172278914807545,
           0.028233584152258615,
           0.16482928652086865,
           0.18254589220142173,
           -0.11405364695604372,
           0.18342409501112425,
           0.1677967780903807,
           0.13407945954330255,
           0.10107776745350262,
           0.13235246466714645,
           0.15981403728472784,
           0.024612879204030446,
           0.014180594627627609,
           -0.016834647038788727,
           0.06568843794453966,
           0.1655633049227882,
           0.17876488201099763,
           0.1441970902784746,
           -0.038771448336882876,
           -0.06043381914056181,
           0.015763529963567342,
           0.1316000096544621,
           0.056905794219514125,
           -0.030268994268819616,
           0.11976865909738005,
           0.2765786687212397,
           0.14225014123441723,
           0.22492892853413196,
           0.12207644551896892,
           0.12094976108857466,
           0.18025390279182046
          ],
          [
           0.2211410155858123,
           1,
           0.8531213709544582,
           -0.11723027478185548,
           0.6592999001083631,
           0.6489807971964618,
           0.7081896717246579,
           0.6624983261983143,
           0.31069334745106586,
           0.34416275780566563,
           0.6452247902379893,
           0.16241388289012443,
           0.7211740641523784,
           0.7040509572061806,
           0.8411464865266699,
           0.8174685726905399,
           0.7713034403245352,
           0.026691558582689758,
           -0.02881245299643414,
           -0.0006351516689498272,
           -0.12994659962523625,
           0.41863554995550933,
           0.06530180559667934,
           0.7850723193721298,
           0.8085911828863473,
           -0.012618344028253403,
           0.7053075322785249,
           0.7614652292318611,
           0.6489521144945174,
           0.49362632527390315,
           0.7966626200039253,
           0.7067221425736832,
           0.7289418222110626,
           0.694566538469195,
           0.6912327517725859,
           0.6786828621127077,
           0.8465996646427649,
           0.8384484951769406,
           0.8298755348730579,
           0.6779427170679567,
           0.6448447554637026,
           0.05025546061157518,
           0.8280964785799322,
           0.7496289496281799,
           0.10933930025955235,
           0.7804538524786325,
           0.5710174697904937,
           0.5539055144038522,
           0.4864064312186994,
           0.6139736540596301,
           0.2251098248956723,
           0.5774893499237332
          ],
          [
           0.17465082860572134,
           0.8531213709544582,
           1,
           -0.3520688699465192,
           0.7751304973685476,
           0.7083892720190809,
           0.8129084225732155,
           0.7616571703840042,
           0.4254885517110124,
           0.4553923156100639,
           0.6599973641968185,
           0.1583866935386222,
           0.7926307704185196,
           0.7949701985672378,
           0.9061927007775578,
           0.9016185945186593,
           0.8343123785478789,
           -0.02620017427265045,
           0.01733756488001692,
           0.0955269686901329,
           -0.024906057255590364,
           0.4707933061240335,
           0.21301511004427381,
           0.8675075817382499,
           0.8941570540404021,
           -0.013118609020736693,
           0.7642700961815246,
           0.8366342957991374,
           0.74094145572324,
           0.5543519810261812,
           0.8847259146486307,
           0.7955302528053764,
           0.7699393048589654,
           0.7418522336571176,
           0.7226242808485837,
           0.7280757105382805,
           0.931045528812272,
           0.9214794464458751,
           0.9154657504612532,
           0.7623796101561887,
           0.7247071930366042,
           0.030903747339656912,
           0.9104764926564238,
           0.8343478871895981,
           0.14623187382949515,
           0.8501061142836505,
           0.588755707094809,
           0.6327198092741525,
           0.5024859399257146,
           0.6099533773362168,
           0.16077904286541078,
           0.5835390348376429
          ],
          [
           0.1448648864519049,
           -0.11723027478185548,
           -0.3520688699465192,
           1,
           -0.26161596846102375,
           -0.26797021358582673,
           -0.2847854889886064,
           -0.24578671115234127,
           -0.18302362902244765,
           -0.19456350930271935,
           -0.19299222796355803,
           0.01724743827643916,
           -0.24895717159065647,
           -0.26381829531684525,
           -0.31466526277579016,
           -0.3203318570982298,
           -0.2875794416342296,
           0.07373766855961705,
           0.002606365958562628,
           -0.029881654304300214,
           -0.18994331858371652,
           -0.20015012215352468,
           -0.11768001372210506,
           -0.28802154655457546,
           -0.30284595964567784,
           0.013797934733993822,
           -0.27997186611150104,
           -0.2948229301558285,
           -0.27146061899605883,
           -0.233632796047397,
           -0.3083405835691299,
           -0.2727968893965195,
           -0.25664778276468014,
           -0.2447737312077947,
           -0.23417357074644732,
           -0.19326281972903286,
           -0.3163910583572309,
           -0.2951665448316093,
           -0.3236360601495196,
           -0.28683641518187863,
           -0.2585168371089241,
           -0.016339595715824037,
           -0.31224391401755086,
           -0.3046926344342197,
           -0.09130166778742711,
           -0.26313141616093777,
           -0.20341267099908797,
           -0.2781240780060176,
           -0.12962525817426124,
           -0.1279889519478877,
           0.009040199056608172,
           -0.13478926282420273
          ],
          [
           0.1977745624104004,
           0.6592999001083631,
           0.7751304973685476,
           -0.26161596846102375,
           1,
           0.6800939250456844,
           0.9643892998483653,
           0.9726256502387509,
           0.5838358958553883,
           0.6500402037248116,
           0.5267621032789344,
           0.25193128136616566,
           0.9354220145380396,
           0.6057468564275618,
           0.7426047154367624,
           0.8559291984968797,
           0.8833771829622946,
           0.13626852789431756,
           0.2609245542958613,
           0.3238658112487187,
           -0.1736929953667108,
           0.3970613430397592,
           0.48974912630421263,
           0.6523206890985132,
           0.6760122664505072,
           -0.049736656685512956,
           0.6127378656652609,
           0.6949535142252389,
           0.5564244865710206,
           0.30688131401122287,
           0.7203084803174025,
           0.7766225953034253,
           0.4572383796119175,
           0.4423423452376122,
           0.4371936814181867,
           0.5334787830040095,
           0.7191842991930603,
           0.711094232502449,
           0.7329964413948518,
           0.5688006879079749,
           0.5330378941074359,
           -0.0011978160403573735,
           0.698554520553154,
           0.584709045591724,
           0.26507628409500505,
           0.6511747214153302,
           0.6020299330812856,
           0.3978017749735697,
           0.4957964649604277,
           0.5305669648876314,
           0.20776669575939763,
           0.5375513600491941
          ],
          [
           0.18262695776869764,
           0.6489807971964618,
           0.7083892720190809,
           -0.26797021358582673,
           0.6800939250456844,
           1,
           0.8497772023945845,
           0.6708994426513053,
           0.3641427736512644,
           0.35121749862764745,
           0.41980489898898243,
           0.13179957121853203,
           0.654525503252893,
           0.7023777122083804,
           0.7623107289538377,
           0.6854227406295671,
           0.6937723655448662,
           0.06076532457153223,
           0.08107354880074323,
           0.11474969967214026,
           -0.025632630535492574,
           0.36393212383384055,
           0.2878200086005258,
           0.7300033280501346,
           0.7386927233530485,
           0.03771045559522116,
           0.7740110619603474,
           0.7650364987470177,
           0.7262726830263887,
           0.5434316803659046,
           0.7532237058259635,
           0.8803916746068967,
           0.5755369253607695,
           0.5574853806762912,
           0.5246263844432494,
           0.5943434536545712,
           0.7468324023484867,
           0.7221519402857728,
           0.7647431979502772,
           0.6281015235314269,
           0.615256449704926,
           0.04663289155549743,
           0.7448264372957568,
           0.7117906652170766,
           0.0943691366598406,
           0.6032274612744596,
           0.45569588589709076,
           0.5709756690707823,
           0.26258584286943265,
           0.2859394328278463,
           0.13590056204825865,
           0.28734858890743903
          ],
          [
           0.20809235395463527,
           0.7081896717246579,
           0.8129084225732155,
           -0.2847854889886064,
           0.9643892998483653,
           0.8497772023945845,
           1,
           0.9413891435783823,
           0.5511684924762992,
           0.5941086566576965,
           0.530211499110973,
           0.2286960823450096,
           0.9087312871104415,
           0.6889470059462551,
           0.8089743163590537,
           0.8627199088190851,
           0.8854682148257875,
           0.12056344738637229,
           0.21797029783214406,
           0.2766120058348942,
           -0.1347516487073601,
           0.41679518672563937,
           0.45598219302971554,
           0.7324015816023858,
           0.7525714797583556,
           -0.022159838196980565,
           0.7198166828895026,
           0.7756948341075892,
           0.6621030313103737,
           0.4167100506514482,
           0.7896642663971369,
           0.8760339696102766,
           0.5364044302708509,
           0.5191812808516055,
           0.5036247951086856,
           0.5980086579791128,
           0.7865501744357406,
           0.7718292589777598,
           0.8029431906707111,
           0.6355850946008987,
           0.6052363488048066,
           0.01607574502986529,
           0.7709929712596156,
           0.6772159749126742,
           0.22464414929823526,
           0.6858411259342378,
           0.5972799106697138,
           0.49202192494438257,
           0.45122679932389076,
           0.48465317070156805,
           0.19920254387045383,
           0.4901835664907173
          ],
          [
           0.16845044942327345,
           0.6624983261983143,
           0.7616571703840042,
           -0.24578671115234127,
           0.9726256502387509,
           0.6708994426513053,
           0.9413891435783823,
           1,
           0.37919298002821633,
           0.4684306276551368,
           0.5089576460696442,
           0.2441611708186454,
           0.8973307448861103,
           0.5604536674505481,
           0.7550321416691198,
           0.8534595196925614,
           0.8950069733417971,
           0.1598343425219712,
           0.29153807062424925,
           0.35160039236583723,
           -0.21113736302377292,
           0.34737468846686403,
           0.5071316261980742,
           0.6265883967960348,
           0.6520396182354922,
           -0.05638954132333566,
           0.5954065718074179,
           0.6628802090101263,
           0.52113231120921,
           0.3082002447369378,
           0.6979176722954927,
           0.7650300948993239,
           0.4588986689358868,
           0.44330441512900787,
           0.44259937231999624,
           0.515972925530664,
           0.6988718332654705,
           0.6862845765280781,
           0.7176198662988293,
           0.5644584964527495,
           0.5314592155338728,
           0.011481044666404913,
           0.6849745213838262,
           0.5783132982467338,
           0.2560100372269126,
           0.6501290659838819,
           0.5979867223117004,
           0.3782026798172291,
           0.5201876695866531,
           0.5298800618835894,
           0.2407272457029944,
           0.5496303206345778
          ],
          [
           0.19900427651838737,
           0.31069334745106586,
           0.4254885517110124,
           -0.18302362902244765,
           0.5838358958553883,
           0.3641427736512644,
           0.5511684924762992,
           0.37919298002821633,
           1,
           0.951847731982501,
           0.3193679114392679,
           0.1501388687289396,
           0.5897515049923968,
           0.45396703981648967,
           0.3191185460650242,
           0.4264900786463896,
           0.39062991635448274,
           -0.014977607861441922,
           0.020292909762470706,
           0.05895823812913221,
           0.044088396817538456,
           0.3674372266286392,
           0.17836349879959876,
           0.40836312832222593,
           0.4137814973512275,
           -0.0010460092075083795,
           0.35968785547907034,
           0.45133030471958385,
           0.39494688467820976,
           0.14521034537238392,
           0.4298801814180801,
           0.4196458306567905,
           0.2174215085383965,
           0.21258872877980428,
           0.19455022081965562,
           0.3216037347368305,
           0.42207013022616735,
           0.433832694099648,
           0.4115683478466506,
           0.29285706492170016,
           0.2657427425797861,
           -0.04395721300463061,
           0.3884771173542778,
           0.30779810183037226,
           0.1610846027809718,
           0.3215544691493104,
           0.30803489809172524,
           0.26267997013547323,
           0.1568290509995705,
           0.26142079322008743,
           -0.01320850659756324,
           0.22022967771906954
          ],
          [
           0.20689197601904621,
           0.34416275780566563,
           0.4553923156100639,
           -0.19456350930271935,
           0.6500402037248116,
           0.35121749862764745,
           0.5941086566576965,
           0.4684306276551368,
           0.951847731982501,
           1,
           0.3344924796820671,
           0.2606852736438021,
           0.670199269105294,
           0.45165381504976176,
           0.3447746531771765,
           0.49778457398021836,
           0.46151432573640966,
           -0.0068906965873226705,
           0.03851518310119452,
           0.08185928217582204,
           0.024075716754569605,
           0.4011960988008624,
           0.1651169876297352,
           0.4115178221673871,
           0.4241675522023418,
           -0.036784105943815225,
           0.3651020212515914,
           0.46913085163772417,
           0.3849864487985367,
           0.138934618480657,
           0.453361447181941,
           0.4233734790900489,
           0.20614426364259444,
           0.19651151406949882,
           0.18170592533604055,
           0.31578326312482397,
           0.43716505057454774,
           0.44814382768762057,
           0.4286126183039078,
           0.2960265255623247,
           0.2714301639938983,
           -0.023558853989330327,
           0.3982177503858175,
           0.3013970388119282,
           0.25872814931333593,
           0.3404362150786546,
           0.3565202440188096,
           0.25322360686255513,
           0.2519574399199378,
           0.3198896167478261,
           0.02684113220327513,
           0.3001317349635283
          ],
          [
           0.05995471045549724,
           0.6452247902379893,
           0.6599973641968185,
           -0.19299222796355803,
           0.5267621032789344,
           0.41980489898898243,
           0.530211499110973,
           0.5089576460696442,
           0.3193679114392679,
           0.3344924796820671,
           1,
           0.1586045245971216,
           0.5711738490211861,
           0.481552930600438,
           0.609885129926527,
           0.6456737080433431,
           0.595929218276706,
           -0.008408250228287133,
           -0.0015692439735038013,
           0.031991143878662115,
           -0.009658188475326856,
           0.330982822120037,
           0.06456414889825325,
           0.5839619684382595,
           0.5956278671691561,
           -0.004662685766922617,
           0.4547724926878978,
           0.5389491859548898,
           0.4514388171080144,
           0.3170340128379205,
           0.5968103133177513,
           0.5171174827501536,
           0.5718118777635619,
           0.5698158927068857,
           0.6072787840549694,
           0.44097948031348866,
           0.6387400580826524,
           0.6408003090070281,
           0.6146637002762482,
           0.6044687441291191,
           0.5957523459213059,
           0.07255077786210568,
           0.630872318288955,
           0.5869249810645638,
           0.3070859047286207,
           0.677904834772187,
           0.4330922136796078,
           0.3799317420189454,
           0.31425753621139446,
           0.40983051530445763,
           0.16846917044865828,
           0.38015889657998136
          ],
          [
           0.13218092055300554,
           0.16241388289012443,
           0.1583866935386222,
           0.01724743827643916,
           0.25193128136616566,
           0.13179957121853203,
           0.2286960823450096,
           0.2441611708186454,
           0.1501388687289396,
           0.2606852736438021,
           0.1586045245971216,
           1,
           0.28731506731337814,
           0.0754809006665326,
           0.13859268559505744,
           0.21693028933727235,
           0.2225930678862335,
           0.07827214062343664,
           0.11046767222795204,
           0.11655837812479275,
           -0.08284975082011431,
           0.12817414210540284,
           -0.00400059246262338,
           0.0910990591609448,
           0.0997930349732872,
           -0.0705240092108804,
           0.0757078040429971,
           0.1570063928344627,
           0.09107209712891333,
           0.059923280561460644,
           0.13363171337734345,
           0.12414977288561942,
           0.030519284245671654,
           0.036341302660901915,
           0.021582698278919298,
           0.06302893108124698,
           0.11013118392790996,
           0.10244145552753016,
           0.11416421737046048,
           0.04272039235095979,
           0.027362467532891097,
           -0.07643867513083828,
           0.09085105936951632,
           0.05135680331124407,
           0.40468368370982555,
           0.0758558582586355,
           0.2683219164068717,
           0.036023828361777685,
           0.11002349951765607,
           0.12109660645838759,
           0.09518564105215062,
           0.12108980381907697
          ],
          [
           0.21283006752942535,
           0.7211740641523784,
           0.7926307704185196,
           -0.24895717159065647,
           0.9354220145380396,
           0.654525503252893,
           0.9087312871104415,
           0.8973307448861103,
           0.5897515049923968,
           0.670199269105294,
           0.5711738490211861,
           0.28731506731337814,
           1,
           0.5752506049654613,
           0.7542701742850116,
           0.9054038227288664,
           0.9097707810564096,
           0.08709785694498018,
           0.1213422627558478,
           0.15906877526854152,
           -0.23479410800044861,
           0.37196941217143403,
           0.14988954037850902,
           0.635066906201037,
           0.6586334337288245,
           -0.048534738244765264,
           0.5908269062716627,
           0.6722642674296457,
           0.5292071641193783,
           0.28110837413419293,
           0.7148586242570845,
           0.7499800590703211,
           0.47506403494679483,
           0.4581708033592625,
           0.4531487801407224,
           0.5629243577297373,
           0.7138914288405587,
           0.7079907361127181,
           0.7304343889223323,
           0.5844686620223158,
           0.5566896241026098,
           0.010588140749125834,
           0.6904304682073314,
           0.5856072778390914,
           0.3001657363801225,
           0.6937884839282518,
           0.6890485615889798,
           0.3537114260765282,
           0.5539669206686684,
           0.5964308115829277,
           0.23487806151905352,
           0.602558871719278
          ],
          [
           0.14761685906365524,
           0.7040509572061806,
           0.7949701985672378,
           -0.26381829531684525,
           0.6057468564275618,
           0.7023777122083804,
           0.6889470059462551,
           0.5604536674505481,
           0.45396703981648967,
           0.45165381504976176,
           0.481552930600438,
           0.0754809006665326,
           0.5752506049654613,
           1,
           0.8071006995906848,
           0.6951629742691204,
           0.6110611246375904,
           -0.04821684893063033,
           -0.007734151387451267,
           0.05647979767495645,
           0.21861435187479733,
           0.5772854972778889,
           0.2754017414063948,
           0.945312040633566,
           0.9446031883236414,
           0.09549288806367108,
           0.884351646558345,
           0.9089052239073201,
           0.9418397735867523,
           0.6803270836521472,
           0.916849331357731,
           0.7697950715100041,
           0.7292984668226236,
           0.6994615946001909,
           0.663662773299828,
           0.7002509237820799,
           0.9229128636289422,
           0.9083998451769091,
           0.9101252839832782,
           0.7693614160489699,
           0.7557752036694482,
           0.06319543358989523,
           0.917944543833196,
           0.8754059629257828,
           0.0633029283173576,
           0.6668995107283295,
           0.2938759829638081,
           0.774533286510268,
           0.15461769512005674,
           0.24176028604482716,
           0.03620678734795245,
           0.20855750352663066
          ],
          [
           0.1409306111053419,
           0.8411464865266699,
           0.9061927007775578,
           -0.31466526277579016,
           0.7426047154367624,
           0.7623107289538377,
           0.8089743163590537,
           0.7550321416691198,
           0.3191185460650242,
           0.3447746531771765,
           0.609885129926527,
           0.13859268559505744,
           0.7542701742850116,
           0.8071006995906848,
           1,
           0.8812245511694597,
           0.8513546705817281,
           0.038725875393891614,
           0.01966591921560028,
           0.0519487375664332,
           -0.013595995319030845,
           0.45540688175812166,
           0.21665513658071128,
           0.8795603021636121,
           0.8947362052774168,
           0.032208730675353875,
           0.8424998421728812,
           0.8494967163840792,
           0.8152314051544437,
           0.6252298913120412,
           0.9058658155064836,
           0.8380861682489049,
           0.7441395756755427,
           0.7202515064469418,
           0.6677498216187143,
           0.7404748508009025,
           0.9225651540444,
           0.8756844395588235,
           0.9567429006524572,
           0.8431787230159025,
           0.8070945038986332,
           0.033432323639965796,
           0.9361581542862514,
           0.9016814806200677,
           0.162770304529119,
           0.8344365963167064,
           0.5655951826355317,
           0.6720247159627267,
           0.375594500666979,
           0.47368367651097976,
           0.15935105309573547,
           0.4457040389644945
          ],
          [
           0.15245731175571484,
           0.8174685726905399,
           0.9016185945186593,
           -0.3203318570982298,
           0.8559291984968797,
           0.6854227406295671,
           0.8627199088190851,
           0.8534595196925614,
           0.4264900786463896,
           0.49778457398021836,
           0.6456737080433431,
           0.21693028933727235,
           0.9054038227288664,
           0.6951629742691204,
           0.8812245511694597,
           1,
           0.955855104104282,
           0.017807109018194562,
           0.028463787201471975,
           0.06966430729445963,
           -0.07398770602299407,
           0.49062526831594894,
           0.16086497449644743,
           0.7642471964192828,
           0.7923560360523311,
           -0.03845036695090085,
           0.704133140103743,
           0.7814757599303725,
           0.661649867581646,
           0.4677400577025446,
           0.8484962756413723,
           0.7667847901711631,
           0.6463188334770079,
           0.6199367267703854,
           0.6093121549816646,
           0.6754957565015269,
           0.847084105046398,
           0.8195325852876187,
           0.8727665076889903,
           0.750406751985513,
           0.7149014619331548,
           0.02765001875074454,
           0.8377905818003448,
           0.7638005214078816,
           0.22762018891367347,
           0.8165877003865025,
           0.6253989348593818,
           0.5442245195913138,
           0.5215413184682048,
           0.6123090291099532,
           0.19354411033046617,
           0.5945266951036655
          ],
          [
           0.15412875877927568,
           0.7713034403245352,
           0.8343123785478789,
           -0.2875794416342296,
           0.8833771829622946,
           0.6937723655448662,
           0.8854682148257875,
           0.8950069733417971,
           0.39062991635448274,
           0.46151432573640966,
           0.595929218276706,
           0.2225930678862335,
           0.9097707810564096,
           0.6110611246375904,
           0.8513546705817281,
           0.955855104104282,
           1,
           0.19412645685424507,
           0.10284608028296101,
           0.06670082492112904,
           -0.1533796356053488,
           0.4018836706128539,
           0.2268573988710816,
           0.6891989321008,
           0.7181402577756498,
           -0.04617649693086483,
           0.6437030298254627,
           0.7164519642025731,
           0.5814793313912008,
           0.39535364096550174,
           0.7752806520837746,
           0.7479079760417244,
           0.5777565908814258,
           0.5607670441594887,
           0.536206362063558,
           0.6248842709697587,
           0.7759340446918648,
           0.7450625290037884,
           0.8114857095941695,
           0.6903758377693743,
           0.6523092334850772,
           0.023628633521511958,
           0.7720442167697912,
           0.6962494515405387,
           0.23713979668281984,
           0.7515250541472273,
           0.6527942722730502,
           0.47425798405178055,
           0.5261544155722644,
           0.562337620969327,
           0.23147187095833208,
           0.5700818402300492
          ],
          [
           -0.015803686076907193,
           0.026691558582689758,
           -0.02620017427265045,
           0.07373766855961705,
           0.13626852789431756,
           0.06076532457153223,
           0.12056344738637229,
           0.1598343425219712,
           -0.014977607861441922,
           -0.0068906965873226705,
           -0.008408250228287133,
           0.07827214062343664,
           0.08709785694498018,
           -0.04821684893063033,
           0.038725875393891614,
           0.017807109018194562,
           0.19412645685424507,
           1,
           0.5481169761944482,
           0.08895279653255678,
           -0.19287969238380787,
           -0.11204302664415419,
           0.16113399995050454,
           -0.03112648748725466,
           -0.0285399535813045,
           -0.06211548968364224,
           -0.019314231976707882,
           -0.015376758524490459,
           -0.039894371795942456,
           -0.04518397297176415,
           -0.02713771154559973,
           0.04089343880529275,
           -0.05876183365697719,
           -0.03793765872526754,
           -0.06681298950125583,
           -0.02809404149539088,
           -0.023113472561999648,
           -0.03355538380308226,
           -0.0005697835031658909,
           -0.019341989007722847,
           -0.02320561660652642,
           0.052249313613464694,
           -0.019793103582476643,
           -0.025456315500122086,
           0.015398808127648232,
           -0.03608522962190972,
           0.07526249027824915,
           -0.04492114411762558,
           0.0632563822530677,
           -0.018233649733338946,
           0.06638503724681667,
           0.02299804249310325
          ],
          [
           0.025271697450792663,
           -0.02881245299643414,
           0.01733756488001692,
           0.002606365958562628,
           0.2609245542958613,
           0.08107354880074323,
           0.21797029783214406,
           0.29153807062424925,
           0.020292909762470706,
           0.03851518310119452,
           -0.0015692439735038013,
           0.11046767222795204,
           0.1213422627558478,
           -0.007734151387451267,
           0.01966591921560028,
           0.028463787201471975,
           0.10284608028296101,
           0.5481169761944482,
           1,
           0.8055651332666892,
           -0.14495689864891567,
           -0.03145925204483029,
           0.4149767737153202,
           -0.00026868887223629144,
           0.00448567321673228,
           -0.15233802885548967,
           0.02065089354601268,
           0.03045400258221078,
           -0.00989071036098583,
           -0.045714638603703006,
           0.0055999463729236405,
           0.0976927487389417,
           -0.05013425595171071,
           -0.05066761378271957,
           -0.03193914062287994,
           -0.026756498500887606,
           0.005383196196914509,
           0.013272457191873789,
           0.0041810135548542805,
           -0.031631437422065235,
           -0.03419433356817341,
           -0.12866669102708933,
           -0.0021127915380942572,
           -0.031932666373689994,
           0.03733735690886927,
           -0.004685340596822723,
           0.04195499068326943,
           -0.03497807750683904,
           0.07602289921702642,
           0.025178860833142167,
           0.05431029182326271,
           0.05274278195345001
          ],
          [
           0.11240843880113524,
           -0.0006351516689498272,
           0.0955269686901329,
           -0.029881654304300214,
           0.3238658112487187,
           0.11474969967214026,
           0.2766120058348942,
           0.35160039236583723,
           0.05895823812913221,
           0.08185928217582204,
           0.031991143878662115,
           0.11655837812479275,
           0.15906877526854152,
           0.05647979767495645,
           0.0519487375664332,
           0.06966430729445963,
           0.06670082492112904,
           0.08895279653255678,
           0.8055651332666892,
           1,
           -0.13542166132088063,
           0.043231130345062665,
           0.48416946626437296,
           0.05981537000087054,
           0.06964961697162103,
           -0.2168022133833701,
           0.07906635990148474,
           0.09425709117257036,
           0.047583253951556125,
           -0.026168012392353057,
           0.06680639661017576,
           0.1608928404028905,
           -0.014960583040114253,
           -0.028819095609648876,
           0.018166841332212837,
           -0.0029553599678655462,
           0.0699001183327381,
           0.08512857100018453,
           0.05413989040253654,
           -0.005244404450485331,
           -0.012395541559147898,
           -0.2507573425734268,
           0.050414174880386756,
           -0.0021162104400459397,
           0.051525667243530186,
           0.058260849115965956,
           0.0476596816937142,
           0.005462689375974583,
           0.12145735629413086,
           0.1097542616327473,
           0.10800955535020285,
           0.12159104712928175
          ],
          [
           -0.09898429263203225,
           -0.12994659962523625,
           -0.024906057255590364,
           -0.18994331858371652,
           -0.1736929953667108,
           -0.025632630535492574,
           -0.1347516487073601,
           -0.21113736302377292,
           0.044088396817538456,
           0.024075716754569605,
           -0.009658188475326856,
           -0.08284975082011431,
           -0.23479410800044861,
           0.21861435187479733,
           -0.013595995319030845,
           -0.07398770602299407,
           -0.1533796356053488,
           -0.19287969238380787,
           -0.14495689864891567,
           -0.13542166132088063,
           1,
           0.3339534631137622,
           0.08460594885050604,
           0.15007505655813144,
           0.14181701039711828,
           0.21729397949166282,
           0.15702177810758497,
           0.14475392051344912,
           0.21940298887502116,
           0.24195740297746884,
           0.13668654612977535,
           -0.03590260866223727,
           0.150402070262135,
           0.14340504679946964,
           0.13442063361963977,
           0.039904375442642026,
           0.10356318310027574,
           0.08669776054189712,
           0.09543417394512163,
           0.15077828325192083,
           0.15973075427924174,
           0.11048153988648604,
           0.11921025271369676,
           0.17552693670163674,
           0.004659527772658345,
           -0.016643887879543455,
           -0.2711764440657213,
           0.32332290387981905,
           -0.40928221869910075,
           -0.3345658033074272,
           -0.3844411776417143,
           -0.3900351495527645
          ],
          [
           0.12172278914807545,
           0.41863554995550933,
           0.4707933061240335,
           -0.20015012215352468,
           0.3970613430397592,
           0.36393212383384055,
           0.41679518672563937,
           0.34737468846686403,
           0.3674372266286392,
           0.4011960988008624,
           0.330982822120037,
           0.12817414210540284,
           0.37196941217143403,
           0.5772854972778889,
           0.45540688175812166,
           0.49062526831594894,
           0.4018836706128539,
           -0.11204302664415419,
           -0.03145925204483029,
           0.043231130345062665,
           0.3339534631137622,
           1,
           0.1931053226906305,
           0.5486770698629196,
           0.561614850276189,
           0.010241235383299957,
           0.597879963950506,
           0.6508765973818561,
           0.558913685947452,
           0.40151447110942096,
           0.6299929659214109,
           0.40293663927850903,
           0.3599230380930849,
           0.3373237636135277,
           0.3448743521365826,
           0.36926586751123647,
