{
 "cells": [
  {
   "cell_type": "markdown",
   "metadata": {},
   "source": [
    "Questa sezione tratta la correlazione delle statistiche. \n",
    "\n",
    "Il calcio moderno è diventato molto caro, sopratutto per il reparto di attacco. Le società chiedono tantissimi soldi per un giocatore \"solamente\" perchè ha realizzato tanti Gol o Assist. Non tutte le squadre, però, hanno una disponibilità economica elevata per puntare su un attaccante già affermato che ha realizzato numeri altissimi. L'idea dietro a questa analisi è quella di capire se ci sono delle statistiche ben relazionate con quelle sopracitate, che una squadra può andare ad analizzare per trovare un attaccante d'impatto per la propria squadra. Vogliamo trovare quali sono queste statisitche."
   ]
  },
  {
   "cell_type": "code",
   "execution_count": null,
   "metadata": {},
   "outputs": [],
   "source": [
    "# Importo le librerie necessarie per il codice\n",
    "\n",
    "import numpy as np\n",
    "import scipy as sc\n",
    "import matplotlib.pyplot as plt\n",
    "import pandas as pd\n",
    "import plotly.express as px\n",
    "import plotly.graph_objects as go\n",
    "pd.set_option('display.max_columns', None)\n",
    "\n",
    "# Elenco dei file da leggere\n",
    "files = ['attaccanti_23.xlsx', 'attaccanti_22.xlsx', 'attaccanti_21.xlsx', 'attaccanti_20.xlsx', 'attaccanti_19.xlsx']\n",
    "\n",
    "# Faccio un dizionario per mappare i file agli anni\n",
    "year_mapping = {'attaccanti_23.xlsx': 2023,'attaccanti_22.xlsx': 2022,'attaccanti_21.xlsx': 2021,'attaccanti_20.xlsx': 2020,'attaccanti_19.xlsx': 2019}"
   ]
  },
  {
   "cell_type": "code",
   "execution_count": null,
   "metadata": {},
   "outputs": [],
   "source": [
    "# Questa sezione è divisa in due parti. \n",
    "\n",
    "# La prima parte si occupa esclusivamente  delle tabelle di correlazione infatti, una volta scaricati i file,\n",
    "# si potranno visualizzare cinque quadrati interattivi che riportano come si correlano tra di loro le statistiche \n",
    "# selezionate nel dataframe. \n",
    "# Alla fine per comodità verranno riportate le colonne usate.\n",
    "\n",
    "# Nella seconda parte abbiamo inserito una funzione che ha come scopo quello di scoprire quali sono le 5 statistiche meglio e peggio\n",
    "# correlate con quella desiderata data in input. Ed una funzione che restituisce l'elenco di tutti gli indici di correlazione\n",
    "# con le altre statistiche. Ed infine una terza funzione che ha come scopo quello di vedere come sono correlate\n",
    "# due statistiche specifiche, date in input alla funzione, e vedere come la loro correlazione è cambiata negli ultimi 5 anni,\n",
    "# sicuramente utile per scoprire se la correlazione o scorrelazione di due dati sia casuale o una cosa costante nel tempo."
   ]
  },
  {
   "cell_type": "markdown",
   "metadata": {},
   "source": [
    "Prima di tutto bisogna fare un processo di 'data cleaning' ovvero una pulizia del dataframe, aggiungendo colonne che possono essere utili oppure togliendone altre che non voglio prendere in considerazione.\n",
    "\n",
    "Per prima cosa togliamo i dati dei cartellini gialli e rossi collezionati dai giocatori, in quanto rappresentano la disciplina di questi e non le loro capacità balistiche. Dopodiche eliminiamo le colonne relative ai calci piazzati in quanto rigori e punizioni hanno i propri specialisti scelti dall'allenatore, che non devono essere obbligatoriamente attaccanti, che battono tutti quelli che vengono assegnati nelle partite. Non sarebbe quindi equo considerare una statistica alla quale la maggior parte dei giocatori non prendono neanche parte.\n",
    "\n",
    "Ovviamente scartiamo le celle relative al Nome del giocatore, la Squadra per cui gioca e la sua Nazionalità.\n",
    "Subito dopo togliamo quelle colonne che rappresentano \"operazioni\" fra altre statistiche, come ad esempio somme fra due dati, percentuali o rapporti, in quanto non sono statistiche di gioco (realizzate sul campo dal giocatore) ma create ad hoc per altri tipi di analisi non inerenti al nostro."
   ]
  },
  {
   "cell_type": "code",
   "execution_count": null,
   "metadata": {},
   "outputs": [],
   "source": [
    "# Questa parte di codice crea 5 figure che rappresentano il riquadro di correlazione fra le statistiche per annata\n",
    "\n",
    "correlations = []\n",
    "years = []\n",
    "\n",
    "colonne_da_eliminare = ['Player', 'Nation', 'Pos', 'Squad', 'G+A', 'G-PK','SoT%','PK',\n",
    "       'PKatt',  'FK', 'G/Sh', 'G/SoT', 'G-xG','CrdY', 'CrdR', '2CrdY', 'Cmp%','Succ%','Won%']\n",
    "\n",
    "for file in files:\n",
    "    \n",
    "    data_frame = pd.read_excel(file)\n",
    "    data_frame['Duels'] = data_frame['Won'] + data_frame['Lost'] # Creo la colonna dei duelli aerei, può essere utile per l'analisi\n",
    "\n",
    "    # Uso .drop per rimuovere dal data frame quelle statistiche che non voglio usare in questa analisi\n",
    "    data_frame.drop(columns=colonne_da_eliminare, inplace=True) \n",
    "\n",
    "    corr_matrix = data_frame.corr()  # Calcolo la matrice di correlazione\n",
    "\n",
    "    year = year_mapping[file]  # Ottengo l'anno dal file usando il mapping\n",
    "    years.append(year)\n",
    "\n",
    "    fig = px.imshow(corr_matrix, title=f\"Matrice di Correlazione - Anno {year}\")\n",
    "    # Ottengo in output il grafico di correlazione\n",
    "\n",
    "    fig.show()\n",
    "\n",
    "# Inserisco questa riga di codice in modo da poter visualizzare le colonne usate per l'analisi\n",
    "print(f'Le colonne usate per questa analisi sono {list(data_frame.columns)}')\n"
   ]
  },
  {
   "cell_type": "code",
   "execution_count": null,
   "metadata": {},
   "outputs": [],
   "source": [
    "# Creo una funzione che mi permette di scoprire quali sono le statistiche meglio e peggio correlate con una desiderata\n",
    "\n",
    "def best_worst(stat):\n",
    " for file in files:\n",
    "    year = year_mapping[file]\n",
    "    data_frame = pd.read_excel(file)\n",
    "    data_frame['Duels'] = data_frame['Won'] + data_frame['Lost']\n",
    "\n",
    "    data_frame.drop(columns=colonne_da_eliminare, inplace=True) \n",
    "\n",
    "    corr_matrix = data_frame.corr()\n",
    "\n",
    "    if stat in corr_matrix.columns:\n",
    "        # Ordina le correlazioni con la statistica scelta\n",
    "        sorted_corr = corr_matrix[stat].sort_values(ascending=False)\n",
    "\n",
    "        # Trova le 5 migliori e peggiori correlazioni (cambiare i range per saperne di più o di meno)\n",
    "        best_corr = sorted_corr[1:6]  # Parto da 1 per evitare la correlazione della statistica con se stessa\n",
    "        worst_corr = sorted_corr[-5:]\n",
    "\n",
    "        print(f\"Anno {year}: Le 5 statistiche meglio correlate con {stat} sono:\\n{best_corr}\")\n",
    "        print(f\"Anno {year}: Le 5 statistiche peggio correlate con {stat} sono:\\n{worst_corr}\")\n",
    "    else:\n",
    "        print(f\"La statistica {stat} non è presente nel dataset. Controlla l'input\")\n",
    "\n",
    "# Creo una funzione che restituisce l'elenco degli indci di correlazione di una statistica con le altre anno per anno\n",
    "\n",
    "def correlazioni_annuali(stat):\n",
    "    for file in files:\n",
    "        year = year_mapping[file]\n",
    "        data_frame = pd.read_excel(file)  \n",
    "        data_frame['Duels'] = data_frame['Won'] + data_frame['Lost']\n",
    "\n",
    "        data_frame.drop(columns=colonne_da_eliminare, inplace=True)\n",
    "\n",
    "        corr_matrix = data_frame.corr()\n",
    "\n",
    "        if stat in corr_matrix.columns:\n",
    "            sorted_corr = corr_matrix[stat].sort_values(ascending=False)\n",
    "\n",
    "            print(f\"Anno {year}: Le correlazioni per {stat} sono:\\n{sorted_corr}\\n\")\n",
    "        else:\n",
    "            print(f\"La statistica {stat} non è presente nel dataset dell'anno {year}.\")\n",
    "        \n",
    "# Creo una seconda funzione che mi dice l'indice di correlazione di due statistiche specifiche\n",
    "# ed il cambiamento di questo nel corso delle stagioni\n",
    "\n",
    "def correlazione(stat1,stat2):\n",
    " correlations = []\n",
    "\n",
    " for file in files:\n",
    "    \n",
    "    data_frame = pd.read_excel(file)\n",
    "    data_frame['Duels'] = data_frame['Won'] + data_frame['Lost']\n",
    "\n",
    "    data_frame.drop(columns=colonne_da_eliminare, inplace=True)\n",
    "\n",
    "    corr_matrix = data_frame.corr()\n",
    "\n",
    "    year = year_mapping[file]\n",
    "\n",
    "    # Verifica se entrambe le statistiche esistono nella matrice di correlazione\n",
    "    if stat1 in corr_matrix.columns and stat2 in corr_matrix.columns:\n",
    "        correlation_value = corr_matrix.loc[stat1, stat2]\n",
    "        correlations.append((year, correlation_value))\n",
    "        #print(f\"Anno {year}: Correlazione tra {stat1} e {stat2} = {correlation_value}\")\n",
    "    else:\n",
    "        correlations.append((year, None))\n",
    "\n",
    "# Creazione del DataFrame per il grafico\n",
    " if stat1 in corr_matrix.columns and stat2 in corr_matrix.columns:\n",
    "    correlation_df = pd.DataFrame(correlations, columns=['Anno', 'Correlazione'])\n",
    "    \n",
    "    # Crea il grafico dell'andamento della correlazione nel tempo\n",
    "    fig = px.line(correlation_df, x='Anno', y='Correlazione', title=f\"Correlazione tra {stat1} e {stat2}\", markers=True)\n",
    "    fig.update_xaxes(dtick=1)\n",
    "    fig.update_yaxes(range = [-1,1], dtick = 0.10)\n",
    "    fig.show()\n",
    " else:\n",
    "    print(\"Nessun grafico disponibile: non sono state calcolate correlazioni valide. Controlla l'input\")"
   ]
  },
  {
   "cell_type": "markdown",
   "metadata": {},
   "source": [
    "Otteniamo in output i 5 grafici richiesti relativi alle 5 stagioni prese in considerazione. La barra sulla destra indica l'indice di correlazione in base al colore del quadrato relativo a due colonne. Muovendo il cursore sulle colonne si può vedere le due statistiche prese in considerazione ed il loro indice di correlazione. \n",
    "\n",
    "La presenza dei colori ci aiuta subito a notare che i grafici si assomigliano molto, nonostante vengano presi in considerazione 5 anni diversi nei quali hanno giocato molti giocatori diversi stagione per stagione. \n",
    "Immaginiamo quindi che gli indici di correlazione rimangano abbastanza costanti durante gli anni. Questo ci fa molto comodo, in quanto ci rassicura sul fatto che i risultati che troveremo non saranno casuali ma validi nel corso degli anni.\n",
    "\n",
    "Oltre a questa osservazione possiamo anche notare, riconoscendo i colori, che ci sono statistiche mal correlate con tutte le altre. Salta subito all'occhio la colonna relativa ai Minuti giocati, indicata con 'Min'."
   ]
  },
  {
   "cell_type": "code",
   "execution_count": null,
   "metadata": {},
   "outputs": [],
   "source": [
    "stat = 'Min'\n",
    "best_worst(stat)\n",
    "\n",
    "stat1 = 'Min'\n",
    "stat2 = 'Gls'\n",
    "correlazione(stat1,stat2)\n",
    "\n",
    "stat2 = 'Ast'\n",
    "correlazione(stat1,stat2)\n",
    "\n",
    "stat2 = 'GCA'\n",
    "correlazione(stat1,stat2)"
   ]
  },
  {
   "cell_type": "markdown",
   "metadata": {},
   "source": [
    "Non c'è bisogno di richiamare tutti i valori, ci basta usare le funzioni per confermare ciò che pensavamo. \n",
    "Nel corso degli anni il range di correlazione risulta sempre essere vicino allo 0. Questo è sicuramente il primo risultato grosso ed inaspettato di questa analisi in quanto ci aspettavamo che un minutaggio elevato avesse un grosso impatto sulle statistiche del singolo. \n",
    "Vediamo come l'andamento dell'indice di correlazione risulta costantemente vicino allo 0 nel corso degli anni.\n",
    "\n",
    "Da un certo punto di vista però è un risultato che ci piace in quanto suggerisce che il rendimento di un attaccante non dipenda banalmente da quanto gioca ma da come gioca. Tutto ciò da ancora più valore alla nostra ricerca."
   ]
  },
  {
   "cell_type": "markdown",
   "metadata": {},
   "source": [
    "Questo risultato interessante appena trovato sui minuti ci suggerisce di testare le correlazioni delle altre statistiche non di campo ovvero 'Age' 'Starts' 'MP', rispettivamente, Età del giocatore, numero di partite titolare e numero totale di partite in cui ha giocato. Analizziamole separatamente una per volta."
   ]
  },
  {
   "cell_type": "code",
   "execution_count": null,
   "metadata": {},
   "outputs": [],
   "source": [
    "stat = 'Age'\n",
    "correlazioni_annuali(stat)\n",
    "\n",
    "stat1 = 'Age'\n",
    "stat2 = 'Gls'\n",
    "correlazione(stat1,stat2)\n",
    "\n",
    "stat2 = 'Ast'\n",
    "correlazione(stat1,stat2)\n",
    "\n",
    "stat2 = 'GCA'\n",
    "correlazione(stat1,stat2)"
   ]
  },
  {
   "cell_type": "markdown",
   "metadata": {},
   "source": [
    "Nel 2023 il range di correlazione (esclusa ovviamente se stessa) è [0.276579, -0.098984], nel 2022 [0.308650, -0.070421], nel 2021 [0.320632, -0.119382], nel 2020 [0.352202, -0.090711] e nel 2019 [0.404946, -0.017619]. Possiamo notare come nel corso degli anni gli indici di correlazione siano rimasti in un range simile, vicino allo 0. Altro risultato inaspettato, in quanto pensavamo che l'esperienza di un giocatore più anziano oppure la freschezza e fantasia di un giovane potessero influire sulla performance di questo. Le nostre statistiche di interesse, ovviamente, stanno nei range appena citati e quindi vale lo stesso discorso."
   ]
  },
  {
   "cell_type": "code",
   "execution_count": null,
   "metadata": {},
   "outputs": [],
   "source": [
    "stat = 'Starts'\n",
    "correlazioni_annuali(stat)\n",
    "\n",
    "stat1 = 'Starts'\n",
    "stat2 = 'Gls'\n",
    "correlazione(stat1,stat2)\n",
    "\n",
    "stat2 = 'Ast'\n",
    "correlazione(stat1,stat2)\n",
    "\n",
    "stat2 = 'GCA'\n",
    "correlazione(stat1,stat2)"
   ]
  },
  {
   "cell_type": "markdown",
   "metadata": {},
   "source": [
    "Il discorso qui è molto diverso, i range di correlazione sono molto più ampi e raggiungono numeri più alti. Nel 2023 [0.931046, -0.352069], nel 2022 [0.917525, -0.351932], nel 2021 [0.930689, -0.265947], nel 2020 [0.923731, -0.328074] e nel 2019 [0.916789, -0.379672]. Questa statistica è quindi correlata bene con alcune e male con altre. Notiamo, inoltre, come si relazioni abbastanza bene con le statistiche interessanti. Il risultato in realtà è abbastanza prevedibile in quanto è nell'interesse delle squadre schierare titolari i giocatori migliori che quindi registrano dati migliori."
   ]
  },
  {
   "cell_type": "code",
   "execution_count": null,
   "metadata": {},
   "outputs": [],
   "source": [
    "stat = 'MP'\n",
    "correlazioni_annuali(stat)\n",
    "\n",
    "stat1 = 'MP'\n",
    "stat2 = 'Gls'\n",
    "correlazione(stat1,stat2)\n",
    "\n",
    "stat2 = 'Ast'\n",
    "correlazione(stat1,stat2)\n",
    "\n",
    "stat2 = 'GCA'\n",
    "correlazione(stat1,stat2)"
   ]
  },
  {
   "cell_type": "markdown",
   "metadata": {},
   "source": [
    "Il discorso riguardante il numero di partite giocate è il medesimo a quello precedente, è nell'interesse della squadra far giocare i giocatori migliori e quindi ci aspettavamo che fosse ben correlato."
   ]
  },
  {
   "cell_type": "markdown",
   "metadata": {},
   "source": [
    "Adesso ci concentriamo su quei dati che un attaccante registra quando messo a confronto con gli avversari, ovvero dribbling, contrasti, numero di tocchi, conduzioni di palla, distanza percorsa palla al piede, falli subiti e duelli aerei. Fra queste sono presenti colonne chiamate Mid 3rd e Att 3rd, questo indica in che area di campo viene registrata la statistica."
   ]
  },
  {
   "cell_type": "code",
   "execution_count": null,
   "metadata": {},
   "outputs": [],
   "source": [
    "correlations = []\n",
    "years = []\n",
    "\n",
    "colonne_da_eliminare = ['Player', 'Nation', 'Pos', 'Squad','Age', 'MP', 'Starts', 'Min', 'G+A', 'G-PK', 'PK',\n",
    "       'PKatt', 'CrdY', 'CrdR', 'xG', 'PrgP', 'PrgR', 'Sh', 'SoT', 'SoT%',\n",
    "       'G/Sh', 'G/SoT', 'Dist', 'FK', 'G-xG', 'Cmp', 'Att', 'Cmp%', 'xA', 'KP',\n",
    "       'PPA', 'CrsPA', 'SCA', 'Succ%','2CrdY', 'Off', 'Crs','Won%']\n",
    "\n",
    "for file in files:\n",
    "    \n",
    "    data_frame = pd.read_excel(file)\n",
    "    data_frame['Duels'] = data_frame['Won'] + data_frame['Lost'] \n",
    "    data_frame.drop(columns=colonne_da_eliminare, inplace=True) \n",
    "\n",
    "    corr_matrix = data_frame.corr()\n",
    "\n",
    "    year = year_mapping[file] \n",
    "    years.append(year)\n",
    "\n",
    "    fig = px.imshow(corr_matrix, title=f\"Matrice di Correlazione - Anno {year}\")\n",
    "    fig.show()"
   ]
  },
  {
   "cell_type": "markdown",
   "metadata": {},
   "source": [
    "Dal range di correlazione indicato sulla destra capiamo come alcune statistiche siano correlate male e dal colore possiamo individuarle. Le colonne relative ai duelli aerei che sono correlate decentemente solamente con i Gol, quelle relative ai contrasti hanno indici bassi con quelle che ci interessano.\n",
    "Ci aspettavamo che i falli fossero ben correlati, in quanto una squadra potrebbe ricorrere ai falli per fermare un giocatore forte ed invece gli indici di correlazione sono abbastanza normali, si aggirano intorno al 0.6.\n",
    "Sono relazionati molto bene invece i dati sui dribbling, sopratutto con i dati di Assist e Chance da Goal create, inoltre vediamo quelle di conduzioni di palla e in aggiunta quelle relative alla distanza percorsa palla al piede. "
   ]
  },
  {
   "cell_type": "code",
   "execution_count": null,
   "metadata": {},
   "outputs": [],
   "source": [
    "#Correlazione delle statistiche sopracitate nel tempo\n",
    "# Assist\n",
    "\n",
    "stat1 = 'Ast'\n",
    "stat2 = 'Carries'\n",
    "correlazione(stat1,stat2)\n",
    "\n",
    "stat2 = 'TotDist'\n",
    "correlazione(stat1,stat2)\n",
    "\n",
    "stat2 = 'Att.1'\n",
    "correlazione(stat1,stat2)\n",
    "\n",
    "stat2 = 'Succ'\n",
    "correlazione(stat1,stat2)\n",
    "\n",
    "# Chance da Gol \n",
    "\n",
    "stat1 = 'GCA'\n",
    "stat2 = 'Carries'\n",
    "correlazione(stat1,stat2)\n",
    "\n",
    "stat2 = 'TotDist'\n",
    "correlazione(stat1,stat2)\n",
    "\n",
    "stat2 = 'Att.1'\n",
    "correlazione(stat1,stat2)\n",
    "\n",
    "stat2 = 'Succ'\n",
    "correlazione(stat1,stat2)\n",
    "\n",
    "# Gol\n",
    "\n",
    "stat1 = 'Gls'\n",
    "stat2 = 'Carries'\n",
    "correlazione(stat1,stat2)\n",
    "\n",
    "stat2 = 'TotDist'\n",
    "correlazione(stat1,stat2)\n",
    "\n",
    "stat2 = 'Att.1'\n",
    "correlazione(stat1,stat2)\n",
    "\n",
    "stat2 = 'Succ'\n",
    "correlazione(stat1,stat2)"
   ]
  },
  {
   "cell_type": "markdown",
   "metadata": {},
   "source": [
    "\n",
    "Questo risultato ci dice che un giocatore fisico che vince molti contrasti e duelli aerei non sia del tutto necessario al fine dei Gol e gli altri dati di riferimento, piuttosto dovrebbe concentrarsi nell'ingaggiare un attaccante più tecnico ed agile che sia in grado di saltare l'uomo e portare palla. Le due caratteristiche non si escludono a vicenda, un giocatore può essere molto tecnico e anche fisico, stiamo dando una sorta di precedenza quando si va a studiare le doti principali di un atleta."
   ]
  },
  {
   "cell_type": "markdown",
   "metadata": {},
   "source": [
    "Analizziamo finalmente le statistiche di gioco, ovvero quelle relative ai tiri, passaggi, i calci piazzati e il dato sul fuorigioco."
   ]
  },
  {
   "cell_type": "code",
   "execution_count": 64,
   "metadata": {},
   "outputs": [
    {
     "data": {
      "application/vnd.plotly.v1+json": {
       "config": {
        "plotlyServerURL": "https://plot.ly"
       },
       "data": [
        {
         "coloraxis": "coloraxis",
         "hovertemplate": "x: %{x}<br>y: %{y}<br>color: %{z}<extra></extra>",
         "name": "0",
         "type": "heatmap",
         "x": [
          "Gls",
          "Ast",
          "xG",
          "PrgP",
          "PrgR",
          "Sh",
          "SoT",
          "Dist",
          "Cmp",
          "Att",
          "xA",
          "KP",
          "PPA",
          "CrsPA",
          "SCA",
          "GCA",
          "Off",
          "Crs"
         ],
         "xaxis": "x",
         "y": [
          "Gls",
          "Ast",
          "xG",
          "PrgP",
          "PrgR",
          "Sh",
          "SoT",
          "Dist",
          "Cmp",
          "Att",
          "xA",
          "KP",
          "PPA",
          "CrsPA",
          "SCA",
          "GCA",
          "Off",
          "Crs"
         ],
         "yaxis": "y",
         "z": [
          [
           1,
           0.6800939250456844,
           0.9354220145380396,
           0.6057468564275618,
           0.7426047154367624,
           0.8559291984968797,
           0.8833771829622946,
           -0.1736929953667108,
           0.6523206890985132,
           0.6760122664505072,
           0.6127378656652609,
           0.6949535142252389,
           0.5564244865710206,
           0.30688131401122287,
           0.7203084803174025,
           0.7766225953034253,
           0.6020299330812856,
           0.3978017749735697
          ],
          [
           0.6800939250456844,
           1,
           0.654525503252893,
           0.7023777122083804,
           0.7623107289538377,
           0.6854227406295671,
           0.6937723655448662,
           -0.025632630535492574,
           0.7300033280501346,
           0.7386927233530485,
           0.7740110619603474,
           0.7650364987470177,
           0.7262726830263887,
           0.5434316803659046,
           0.7532237058259635,
           0.8803916746068967,
           0.45569588589709076,
           0.5709756690707823
          ],
          [
           0.9354220145380396,
           0.654525503252893,
           1,
           0.5752506049654613,
           0.7542701742850116,
           0.9054038227288664,
           0.9097707810564096,
           -0.23479410800044861,
           0.635066906201037,
           0.6586334337288245,
           0.5908269062716627,
           0.6722642674296457,
           0.5292071641193783,
           0.28110837413419293,
           0.7148586242570845,
           0.7499800590703211,
           0.6890485615889798,
           0.3537114260765282
          ],
          [
           0.6057468564275618,
           0.7023777122083804,
           0.5752506049654613,
           1,
           0.8071006995906848,
           0.6951629742691204,
           0.6110611246375904,
           0.21861435187479733,
           0.945312040633566,
           0.9446031883236414,
           0.884351646558345,
           0.9089052239073201,
           0.9418397735867523,
           0.6803270836521472,
           0.916849331357731,
           0.7697950715100041,
           0.2938759829638081,
           0.774533286510268
          ],
          [
           0.7426047154367624,
           0.7623107289538377,
           0.7542701742850116,
           0.8071006995906848,
           1,
           0.8812245511694597,
           0.8513546705817281,
           -0.013595995319030845,
           0.8795603021636121,
           0.8947362052774168,
           0.8424998421728812,
           0.8494967163840792,
           0.8152314051544437,
           0.6252298913120412,
           0.9058658155064836,
           0.8380861682489049,
           0.5655951826355317,
           0.6720247159627267
          ],
          [
           0.8559291984968797,
           0.6854227406295671,
           0.9054038227288664,
           0.6951629742691204,
           0.8812245511694597,
           1,
           0.955855104104282,
           -0.07398770602299407,
           0.7642471964192828,
           0.7923560360523311,
           0.704133140103743,
           0.7814757599303725,
           0.661649867581646,
           0.4677400577025446,
           0.8484962756413723,
           0.7667847901711631,
           0.6253989348593818,
           0.5442245195913138
          ],
          [
           0.8833771829622946,
           0.6937723655448662,
           0.9097707810564096,
           0.6110611246375904,
           0.8513546705817281,
           0.955855104104282,
           1,
           -0.1533796356053488,
           0.6891989321008,
           0.7181402577756498,
           0.6437030298254627,
           0.7164519642025731,
           0.5814793313912008,
           0.39535364096550174,
           0.7752806520837746,
           0.7479079760417244,
           0.6527942722730502,
           0.47425798405178055
          ],
          [
           -0.1736929953667108,
           -0.025632630535492574,
           -0.23479410800044861,
           0.21861435187479733,
           -0.013595995319030845,
           -0.07398770602299407,
           -0.1533796356053488,
           1,
           0.15007505655813144,
           0.14181701039711828,
           0.15702177810758497,
           0.14475392051344912,
           0.21940298887502116,
           0.24195740297746884,
           0.13668654612977535,
           -0.03590260866223727,
           -0.2711764440657213,
           0.32332290387981905
          ],
          [
           0.6523206890985132,
           0.7300033280501346,
           0.635066906201037,
           0.945312040633566,
           0.8795603021636121,
           0.7642471964192828,
           0.6891989321008,
           0.15007505655813144,
           1,
           0.9938601253581293,
           0.8836807205103463,
           0.918134831215458,
           0.9023110498772926,
           0.659216682398456,
           0.9369735458991159,
           0.8112912287692757,
           0.36318980151201324,
           0.7646573021851777
          ],
          [
           0.6760122664505072,
           0.7386927233530485,
           0.6586334337288245,
           0.9446031883236414,
           0.8947362052774168,
           0.7923560360523311,
           0.7181402577756498,
           0.14181701039711828,
           0.9938601253581293,
           1,
           0.8907980388331838,
           0.9287229127534508,
           0.9000955825805467,
           0.6724554598515105,
           0.9469820637966324,
           0.8158705366675522,
           0.4008381378817252,
           0.7923573243989982
          ],
          [
           0.6127378656652609,
           0.7740110619603474,
           0.5908269062716627,
           0.884351646558345,
           0.8424998421728812,
           0.704133140103743,
           0.6437030298254627,
           0.15702177810758497,
           0.8836807205103463,
           0.8907980388331838,
           1,
           0.9332297411999056,
           0.9132434574363527,
           0.7406464936315231,
           0.9237050777923321,
           0.8363836170975083,
           0.3460595751213714,
           0.8273914624187401
          ],
          [
           0.6949535142252389,
           0.7650364987470177,
           0.6722642674296457,
           0.9089052239073201,
           0.8494967163840792,
           0.7814757599303725,
           0.7164519642025731,
           0.14475392051344912,
           0.918134831215458,
           0.9287229127534508,
           0.9332297411999056,
           1,
           0.896549853652219,
           0.6958870706700264,
           0.9758198701604817,
           0.828542161327944,
           0.40477991110419453,
           0.8213935733600536
          ],
          [
           0.5564244865710206,
           0.7262726830263887,
           0.5292071641193783,
           0.9418397735867523,
           0.8152314051544437,
           0.661649867581646,
           0.5814793313912008,
           0.21940298887502116,
           0.9023110498772926,
           0.9000955825805467,
           0.9132434574363527,
           0.896549853652219,
           1,
           0.7908823733155573,
           0.904564215606453,
           0.7880755989051269,
           0.2680454505030411,
           0.786750080088702
          ],
          [
           0.30688131401122287,
           0.5434316803659046,
           0.28110837413419293,
           0.6803270836521472,
           0.6252298913120412,
           0.4677400577025446,
           0.39535364096550174,
           0.24195740297746884,
           0.659216682398456,
           0.6724554598515105,
           0.7406464936315231,
           0.6958870706700264,
           0.7908823733155573,
           1,
           0.6984166894133973,
           0.5451015342821214,
           0.1998985966587057,
           0.8033320590268489
          ],
          [
           0.7203084803174025,
           0.7532237058259635,
           0.7148586242570845,
           0.916849331357731,
           0.9058658155064836,
           0.8484962756413723,
           0.7752806520837746,
           0.13668654612977535,
           0.9369735458991159,
           0.9469820637966324,
           0.9237050777923321,
           0.9758198701604817,
           0.904564215606453,
           0.6984166894133973,
           1,
           0.8457537863863566,
           0.4381864131116934,
           0.7984944952923965
          ],
          [
           0.7766225953034253,
           0.8803916746068967,
           0.7499800590703211,
           0.7697950715100041,
           0.8380861682489049,
           0.7667847901711631,
           0.7479079760417244,
           -0.03590260866223727,
           0.8112912287692757,
           0.8158705366675522,
           0.8363836170975083,
           0.828542161327944,
           0.7880755989051269,
           0.5451015342821214,
           0.8457537863863566,
           1,
           0.501009733179534,
           0.5999381933496636
          ],
          [
           0.6020299330812856,
           0.45569588589709076,
           0.6890485615889798,
           0.2938759829638081,
           0.5655951826355317,
           0.6253989348593818,
           0.6527942722730502,
           -0.2711764440657213,
           0.36318980151201324,
           0.4008381378817252,
           0.3460595751213714,
           0.40477991110419453,
           0.2680454505030411,
           0.1998985966587057,
           0.4381864131116934,
           0.501009733179534,
           1,
           0.23453610004237446
          ],
          [
           0.3978017749735697,
           0.5709756690707823,
           0.3537114260765282,
           0.774533286510268,
           0.6720247159627267,
           0.5442245195913138,
           0.47425798405178055,
           0.32332290387981905,
           0.7646573021851777,
           0.7923573243989982,
           0.8273914624187401,
           0.8213935733600536,
           0.786750080088702,
           0.8033320590268489,
           0.7984944952923965,
           0.5999381933496636,
           0.23453610004237446,
           1
          ]
         ]
        }
       ],
       "layout": {
        "coloraxis": {
         "colorscale": [
          [
           0,
           "#0d0887"
          ],
          [
           0.1111111111111111,
           "#46039f"
          ],
          [
           0.2222222222222222,
           "#7201a8"
          ],
          [
           0.3333333333333333,
           "#9c179e"
          ],
          [
           0.4444444444444444,
           "#bd3786"
          ],
          [
           0.5555555555555556,
           "#d8576b"
          ],
          [
           0.6666666666666666,
           "#ed7953"
          ],
          [
           0.7777777777777778,
           "#fb9f3a"
          ],
          [
           0.8888888888888888,
           "#fdca26"
          ],
          [
           1,
           "#f0f921"
          ]
         ]
        },
        "template": {
         "data": {
          "bar": [
           {
            "error_x": {
             "color": "#2a3f5f"
            },
            "error_y": {
             "color": "#2a3f5f"
            },
            "marker": {
             "line": {
              "color": "#E5ECF6",
              "width": 0.5
             },
             "pattern": {
              "fillmode": "overlay",
              "size": 10,
              "solidity": 0.2
             }
            },
            "type": "bar"
           }
          ],
          "barpolar": [
           {
            "marker": {
             "line": {
              "color": "#E5ECF6",
              "width": 0.5
             },
             "pattern": {
              "fillmode": "overlay",
              "size": 10,
              "solidity": 0.2
             }
            },
            "type": "barpolar"
           }
          ],
          "carpet": [
           {
            "aaxis": {
             "endlinecolor": "#2a3f5f",
             "gridcolor": "white",
             "linecolor": "white",
             "minorgridcolor": "white",
             "startlinecolor": "#2a3f5f"
            },
            "baxis": {
             "endlinecolor": "#2a3f5f",
             "gridcolor": "white",
             "linecolor": "white",
             "minorgridcolor": "white",
             "startlinecolor": "#2a3f5f"
            },
            "type": "carpet"
           }
          ],
          "choropleth": [
           {
            "colorbar": {
             "outlinewidth": 0,
             "ticks": ""
            },
            "type": "choropleth"
           }
          ],
          "contour": [
           {
            "colorbar": {
             "outlinewidth": 0,
             "ticks": ""
            },
            "colorscale": [
             [
              0,
              "#0d0887"
             ],
             [
              0.1111111111111111,
              "#46039f"
             ],
             [
              0.2222222222222222,
              "#7201a8"
             ],
             [
              0.3333333333333333,
              "#9c179e"
             ],
             [
              0.4444444444444444,
              "#bd3786"
             ],
             [
              0.5555555555555556,
              "#d8576b"
             ],
             [
              0.6666666666666666,
              "#ed7953"
             ],
             [
              0.7777777777777778,
              "#fb9f3a"
             ],
             [
              0.8888888888888888,
              "#fdca26"
             ],
             [
              1,
              "#f0f921"
             ]
            ],
            "type": "contour"
           }
          ],
          "contourcarpet": [
           {
            "colorbar": {
             "outlinewidth": 0,
             "ticks": ""
            },
            "type": "contourcarpet"
           }
          ],
          "heatmap": [
           {
            "colorbar": {
             "outlinewidth": 0,
             "ticks": ""
            },
            "colorscale": [
             [
              0,
              "#0d0887"
             ],
             [
              0.1111111111111111,
              "#46039f"
             ],
             [
              0.2222222222222222,
              "#7201a8"
             ],
             [
              0.3333333333333333,
              "#9c179e"
             ],
             [
              0.4444444444444444,
              "#bd3786"
             ],
             [
              0.5555555555555556,
              "#d8576b"
             ],
             [
              0.6666666666666666,
              "#ed7953"
             ],
             [
              0.7777777777777778,
              "#fb9f3a"
             ],
             [
              0.8888888888888888,
              "#fdca26"
             ],
             [
              1,
              "#f0f921"
             ]
            ],
            "type": "heatmap"
           }
          ],
          "heatmapgl": [
           {
            "colorbar": {
             "outlinewidth": 0,
             "ticks": ""
            },
            "colorscale": [
             [
              0,
              "#0d0887"
             ],
             [
              0.1111111111111111,
              "#46039f"
             ],
             [
              0.2222222222222222,
              "#7201a8"
             ],
             [
              0.3333333333333333,
              "#9c179e"
             ],
             [
              0.4444444444444444,
              "#bd3786"
             ],
             [
              0.5555555555555556,
              "#d8576b"
             ],
             [
              0.6666666666666666,
              "#ed7953"
             ],
             [
              0.7777777777777778,
              "#fb9f3a"
             ],
             [
              0.8888888888888888,
              "#fdca26"
             ],
             [
              1,
              "#f0f921"
             ]
            ],
            "type": "heatmapgl"
           }
          ],
          "histogram": [
           {
            "marker": {
             "pattern": {
              "fillmode": "overlay",
              "size": 10,
              "solidity": 0.2
             }
            },
            "type": "histogram"
           }
          ],
          "histogram2d": [
           {
            "colorbar": {
             "outlinewidth": 0,
             "ticks": ""
            },
            "colorscale": [
             [
              0,
              "#0d0887"
             ],
             [
              0.1111111111111111,
              "#46039f"
             ],
             [
              0.2222222222222222,
              "#7201a8"
             ],
             [
              0.3333333333333333,
              "#9c179e"
             ],
             [
              0.4444444444444444,
              "#bd3786"
             ],
             [
              0.5555555555555556,
              "#d8576b"
             ],
             [
              0.6666666666666666,
              "#ed7953"
             ],
             [
              0.7777777777777778,
              "#fb9f3a"
             ],
             [
              0.8888888888888888,
              "#fdca26"
             ],
             [
              1,
              "#f0f921"
             ]
            ],
            "type": "histogram2d"
           }
          ],
          "histogram2dcontour": [
           {
            "colorbar": {
             "outlinewidth": 0,
             "ticks": ""
            },
            "colorscale": [
             [
              0,
              "#0d0887"
             ],
             [
              0.1111111111111111,
              "#46039f"
             ],
             [
              0.2222222222222222,
              "#7201a8"
             ],
             [
              0.3333333333333333,
              "#9c179e"
             ],
             [
              0.4444444444444444,
              "#bd3786"
             ],
             [
              0.5555555555555556,
              "#d8576b"
             ],
             [
              0.6666666666666666,
              "#ed7953"
             ],
             [
              0.7777777777777778,
              "#fb9f3a"
             ],
             [
              0.8888888888888888,
              "#fdca26"
             ],
             [
              1,
              "#f0f921"
             ]
            ],
            "type": "histogram2dcontour"
           }
          ],
          "mesh3d": [
           {
            "colorbar": {
             "outlinewidth": 0,
             "ticks": ""
            },
            "type": "mesh3d"
           }
          ],
          "parcoords": [
           {
            "line": {
             "colorbar": {
              "outlinewidth": 0,
              "ticks": ""
             }
            },
            "type": "parcoords"
           }
