{
 "cells": [
  {
   "cell_type": "markdown",
   "metadata": {},
   "source": [
    "Questa sezione tratta la correlazione delle statistiche. \n",
    "Lo scopo è quello di capire quali dati sono i meglio e peggio correlati fra loro. Vogliamo quindi trovare quali sono le statisitche che si relazionano meglio con quei dati che sono i più importanti per un attaccante, ovvero il numero di Goal, Assist e il numero di Chance da Goal create. L'idea dietro a questa analisi è quella di capire quali possono essere le statistiche (diverse da quelle chiave sopracitate) che una squadra può andare a guardare per trovare un attaccante d'impatto per la propria squadra."
   ]
  },
  {
   "cell_type": "code",
   "execution_count": null,
   "metadata": {},
   "outputs": [],
   "source": [
    "# Importo le librerie necessarie per il codice\n",
    "\n",
    "import numpy as np\n",
    "import scipy as sc\n",
    "import matplotlib.pyplot as plt\n",
    "import pandas as pd\n",
    "import plotly.express as px\n",
    "import plotly.graph_objects as go\n",
    "pd.set_option('display.max_columns', None)\n",
    "\n",
    "# Elenco dei file da leggere\n",
    "files = ['attaccanti_23.xlsx', 'attaccanti_22.xlsx', 'attaccanti_21.xlsx', 'attaccanti_20.xlsx', 'attaccanti_19.xlsx']\n",
    "\n",
    "# Faccio un dizionario per mappare i file agli anni\n",
    "year_mapping = {'attaccanti_23.xlsx': 2023,'attaccanti_22.xlsx': 2022,'attaccanti_21.xlsx': 2021,'attaccanti_20.xlsx': 2020,'attaccanti_19.xlsx': 2019}"
   ]
  },
  {
   "cell_type": "code",
   "execution_count": null,
   "metadata": {},
   "outputs": [],
   "source": [
    "# Questa sezione è divisa in due parti. \n",
    "\n",
    "# La prima parte si occupa esclusivamente  delle tabelle di correlazione infatti, una volta scaricati i file,\n",
    "# si potranno visualizzare cinque quadrati interattivi che riportano come si correlano tra di loro le statistiche \n",
    "# selezionate nel dataframe. \n",
    "# Alla fine per comodità verranno riportate le colonne usate.\n",
    "\n",
    "# Nella seconda parte abbiamo inserito una funzione che ha come scopo quello di scoprire quali sono le 5 statistiche meglio e peggio\n",
    "# correlate con quella desiderata data in input. Ed una funzione che restituisce l'elenco di tutti gli indici di correlazione\n",
    "# con le altre statistiche. Ed infine una terza funzione che ha come scopo quello di vedere come sono correlate\n",
    "# due statistiche specifiche, date in input alla funzione, e vedere come la loro correlazione è cambiata negli ultimi 5 anni,\n",
    "# sicuramente utile per scoprire se la correlazione o scorrelazione di due dati sia casuale o una cosa costante nel tempo."
   ]
  },
  {
   "cell_type": "markdown",
   "metadata": {},
   "source": [
    "Prima di tutto bisogna fare un processo di 'data cleaning' ovvero una pulizia del dataframe, aggiungendo colonne che possono essere utili oppure togliendone altre che non voglio prendere in considerazione.\n",
    " \n",
    "Ovviamente scartiamo le celle relative al Nome del giocatore, la Squadra per cui gioca e la sua Nazionalità.\n",
    "Subito dopo togliamo quelle colonne che rappresentano \"operazioni\" fra altre statistiche, come ad esempio somme fra due dati, percentuali o rapporti, in quanto non sono statistiche di gioco (realizzate sul campo dal giocatore) ma create ad hoc per altri tipi di analisi non inerenti al nostro."
   ]
  },
  {
   "cell_type": "code",
   "execution_count": null,
   "metadata": {},
   "outputs": [],
   "source": [
    "# Questa parte di codice crea 5 figure che rappresentano il riquadro di correlazione fra le statistiche per annata\n",
    "\n",
    "correlations = []\n",
    "years = []\n",
    "\n",
    "for file in files:\n",
    "    \n",
    "    data_frame = pd.read_excel(file)\n",
    "    data_frame['Duels'] = data_frame['Won'] + data_frame['Lost'] # Creo la colonna dei duelli aerei, può essere utile per l'analisi\n",
    "\n",
    "    # Uso .drop per rimuovere dal data frame quelle statistiche che non voglio usare in questa analisi\n",
    "    data_frame.drop(columns=['Player', 'Nation', 'Pos', 'Squad', 'G+A', 'G-PK','SoT%',\n",
    "       'G/Sh', 'G/SoT', 'G-xG','Cmp%','Succ%','Won%'], inplace=True) \n",
    "\n",
    "    corr_matrix = data_frame.corr()  # Calcolo la matrice di correlazione\n",
    "\n",
    "    year = year_mapping[file]  # Ottengo l'anno dal file usando il mapping\n",
    "    years.append(year)\n",
    "\n",
    "    fig = px.imshow(corr_matrix, title=f\"Matrice di Correlazione - Anno {year}\")  # Ottengo in output il grafico di correlazione\n",
    "    fig.show()\n",
    "    # Creo una funzione che mi permette di scoprire quali sono le statistiche meglio e peggio correlate con una desiderata\n",
    "\n",
    "def best_worst(stat):\n",
    " for file in files:\n",
    "    year = year_mapping[file]\n",
    "    data_frame = pd.read_excel(file)\n",
    "    data_frame['Duels'] = data_frame['Won'] + data_frame['Lost']\n",
    "\n",
    "    data_frame.drop(columns=['Player', 'Nation', 'Pos', 'Squad', 'G+A', 'G-PK','SoT%',\n",
    "       'G/Sh', 'G/SoT', 'G-xG','Cmp%','Succ%','Won%'], inplace=True) \n",
    "\n",
    "    corr_matrix = data_frame.corr()\n",
    "\n",
    "    if stat in corr_matrix.columns:\n",
    "        # Ordina le correlazioni con la statistica scelta\n",
    "        sorted_corr = corr_matrix[stat].sort_values(ascending=False)\n",
    "\n",
    "        # Trova le 5 migliori e peggiori correlazioni (cambiare i range per saperne di più o di meno)\n",
    "        best_corr = sorted_corr[1:6]  # Parto da 1 per evitare la correlazione della statistica con se stessa\n",
    "        worst_corr = sorted_corr[-5:]\n",
    "\n",
    "        print(f\"Anno {year}: Le 5 statistiche meglio correlate con {stat} sono:\\n{best_corr}\")\n",
    "        print(f\"Anno {year}: Le 5 statistiche peggio correlate con {stat} sono:\\n{worst_corr}\")\n",
    "    else:\n",
    "        print(f\"La statistica {stat} non è presente nel dataset. Controlla l'input\")\n",
    "\n",
    "# Creo una funzione che restituisce l'elenco degli indci di correlazione di una statistica con le altre anno per anno\n",
    "\n",
    "def correlazioni_annuali(stat):\n",
    "    for file in files:\n",
    "        year = year_mapping[file]\n",
    "        data_frame = pd.read_excel(file)  \n",
    "        data_frame['Duels'] = data_frame['Won'] + data_frame['Lost']\n",
    "\n",
    "        # Rimuovi le colonne che non vuoi usare\n",
    "        data_frame.drop(columns=['Player', 'Nation', 'Pos', 'Squad', 'G+A', 'G-PK', 'SoT%',\n",
    "                                 'G/Sh', 'G/SoT', 'G-xG', 'Cmp%', 'Succ%', 'Won%'], inplace=True)\n",
    "\n",
    "        # Calcolo della matrice di correlazione\n",
    "        corr_matrix = data_frame.corr()\n",
    "\n",
    "        if stat in corr_matrix.columns:\n",
    "            sorted_corr = corr_matrix[stat].sort_values(ascending=False)\n",
    "\n",
    "            print(f\"Anno {year}: Le correlazioni per {stat} sono:\\n{sorted_corr}\\n\")\n",
    "        else:\n",
    "            print(f\"La statistica {stat} non è presente nel dataset dell'anno {year}.\")\n",
    "        \n",
    "# Creo una seconda funzione che mi dice l'indice di correlazione di due statistiche specifiche\n",
    "# ed il cambiamento di questo nel corso delle stagioni\n",
    "\n",
    "def correlazione(stat1,stat2):\n",
    " correlations = []\n",
    "\n",
    " for file in files:\n",
    "    \n",
    "    data_frame = pd.read_excel(file)\n",
    "    data_frame['Duels'] = data_frame['Won'] + data_frame['Lost']\n",
    "\n",
    "    data_frame.drop(columns=['Player', 'Nation', 'Pos', 'Squad', 'G+A', 'G-PK','SoT%',\n",
    "       'G/Sh', 'G/SoT', 'G-xG','Cmp%','Succ%','Won%'], inplace=True)\n",
    "\n",
    "    corr_matrix = data_frame.corr()\n",
    "\n",
    "    year = year_mapping[file]\n",
    "\n",
    "    # Verifica se entrambe le statistiche esistono nella matrice di correlazione\n",
    "    if stat1 in corr_matrix.columns and stat2 in corr_matrix.columns:\n",
    "        correlation_value = corr_matrix.loc[stat1, stat2]\n",
    "        correlations.append((year, correlation_value))\n",
    "        #print(f\"Anno {year}: Correlazione tra {stat1} e {stat2} = {correlation_value}\")\n",
    "    else:\n",
    "        correlations.append((year, None))\n",
    "        print('NaN')\n",
    "\n",
    "# Creazione del DataFrame per il grafico\n",
    " if stat1 in corr_matrix.columns and stat2 in corr_matrix.columns:\n",
    "    correlation_df = pd.DataFrame(correlations, columns=['Anno', 'Correlazione'])\n",
    "    \n",
    "    # Crea il grafico dell'andamento della correlazione nel tempo\n",
    "    fig = px.line(correlation_df, x='Anno', y='Correlazione', title=f\"Correlazione tra {stat1} e {stat2}\", markers=True)\n",
    "    fig.update_xaxes(dtick=1)\n",
    "    fig.update_yaxes(range = [-1,1], dtick = 0.10)\n",
    "    fig.show()\n",
    " else:\n",
    "    print(\"Nessun grafico disponibile: non sono state calcolate correlazioni valide. Controlla l'input\")\n",
    "\n",
    "# Inserisco questa riga di codice in modo da poter visualizzare le colonne usate per l'analisi\n",
    "print(f'Le colonne usate per questa analisi sono {list(data_frame.columns)}')\n"
   ]
  },
  {
   "cell_type": "markdown",
   "metadata": {},
   "source": [
    "Otteniamo in output i 5 grafici richiesti relativi alle 5 stagioni prese in considerazione. La barra sulla destra indica l'indice di correlazione in base al colore del quadrato relativo a due colonne. Muovendo il cursore sulle colonne si può vedere le due statistiche prese in considerazione ed il loro indice di correlazione. \n",
    "\n",
    "La presenza dei colori ci aiuta subito a notare che i grafici si assomigliano molto, nonostante vengano presi in considerazione 5 anni diversi nei quali hanno giocato molti giocatori diversi stagione per stagione. \n",
    "Immaginiamo quindi che gli indici di correlazione rimangano abbastanza costanti durante gli anni. Questo ci fa molto comodo, in quanto ci rassicura sul fatto che i risultati che troveremo non saranno casuali ma validi nel corso degli anni.\n",
    "\n",
    "Oltre a questa osservazione possiamo anche notare, riconoscendo i colori, che ci sono statistiche mal correlate con tutte le altre. Salta subito all'occhio la colonna relativa ai Minuti giocati, indicata con 'Min'."
   ]
  },
  {
   "cell_type": "code",
   "execution_count": null,
   "metadata": {},
   "outputs": [],
   "source": [
    "# Creo una funzione che mi permette di scoprire quali sono le statistiche meglio e peggio correlate con una desiderata\n",
    "\n",
    "def best_worst(stat):\n",
    " for file in files:\n",
    "    year = year_mapping[file]\n",
    "    data_frame = pd.read_excel(file)\n",
    "    data_frame['Duels'] = data_frame['Won'] + data_frame['Lost']\n",
    "\n",
    "    data_frame.drop(columns=['Player', 'Nation', 'Pos', 'Squad', 'G+A', 'G-PK','SoT%',\n",
    "       'G/Sh', 'G/SoT', 'G-xG','Cmp%','Succ%','Won%'], inplace=True) \n",
    "\n",
    "    corr_matrix = data_frame.corr()\n",
    "\n",
    "    if stat in corr_matrix.columns:\n",
    "        # Ordina le correlazioni con la statistica scelta\n",
    "        sorted_corr = corr_matrix[stat].sort_values(ascending=False)\n",
    "\n",
    "        # Trova le 5 migliori e peggiori correlazioni (cambiare i range per saperne di più o di meno)\n",
    "        best_corr = sorted_corr[1:6]  # Parto da 1 per evitare la correlazione della statistica con se stessa\n",
    "        worst_corr = sorted_corr[-5:]\n",
    "\n",
    "        print(f\"Anno {year}: Le 5 statistiche meglio correlate con {stat} sono:\\n{best_corr}\")\n",
    "        print(f\"Anno {year}: Le 5 statistiche peggio correlate con {stat} sono:\\n{worst_corr}\")\n",
    "    else:\n",
    "        print(f\"La statistica {stat} non è presente nel dataset. Controlla l'input\")\n",
    "\n",
    "# Creo una funzione che restituisce l'elenco degli indci di correlazione di una statistica con le altre anno per anno\n",
    "\n",
    "def correlazioni_annuali(stat):\n",
    "    for file in files:\n",
    "        year = year_mapping[file]\n",
    "        data_frame = pd.read_excel(file)  \n",
    "        data_frame['Duels'] = data_frame['Won'] + data_frame['Lost']\n",
    "\n",
    "        # Rimuovi le colonne che non vuoi usare\n",
    "        data_frame.drop(columns=['Player', 'Nation', 'Pos', 'Squad', 'G+A', 'G-PK', 'SoT%',\n",
    "                                 'G/Sh', 'G/SoT', 'G-xG', 'Cmp%', 'Succ%', 'Won%'], inplace=True)\n",
    "\n",
    "        # Calcolo della matrice di correlazione\n",
    "        corr_matrix = data_frame.corr()\n",
    "\n",
    "        if stat in corr_matrix.columns:\n",
    "            sorted_corr = corr_matrix[stat].sort_values(ascending=False)\n",
    "\n",
    "            print(f\"Anno {year}: Le correlazioni per {stat} sono:\\n{sorted_corr}\\n\")\n",
    "        else:\n",
    "            print(f\"La statistica {stat} non è presente nel dataset dell'anno {year}.\")\n",
    "        \n",
    "# Creo una seconda funzione che mi dice l'indice di correlazione di due statistiche specifiche\n",
    "# ed il cambiamento di questo nel corso delle stagioni\n",
    "\n",
    "def correlazione(stat1,stat2):\n",
    " correlations = []\n",
    "\n",
    " for file in files:\n",
    "    \n",
    "    data_frame = pd.read_excel(file)\n",
    "    data_frame['Duels'] = data_frame['Won'] + data_frame['Lost']\n",
    "\n",
    "    data_frame.drop(columns=['Player', 'Nation', 'Pos', 'Squad', 'G+A', 'G-PK','SoT%',\n",
    "       'G/Sh', 'G/SoT', 'G-xG','Cmp%','Succ%','Won%'], inplace=True)\n",
    "\n",
    "    corr_matrix = data_frame.corr()\n",
    "\n",
    "    year = year_mapping[file]\n",
    "\n",
    "    # Verifica se entrambe le statistiche esistono nella matrice di correlazione\n",
    "    if stat1 in corr_matrix.columns and stat2 in corr_matrix.columns:\n",
    "        correlation_value = corr_matrix.loc[stat1, stat2]\n",
    "        correlations.append((year, correlation_value))\n",
    "        #print(f\"Anno {year}: Correlazione tra {stat1} e {stat2} = {correlation_value}\")\n",
    "    else:\n",
    "        correlations.append((year, None))\n",
    "        print('NaN')\n",
    "\n",
    "# Creazione del DataFrame per il grafico\n",
    " if stat1 in corr_matrix.columns and stat2 in corr_matrix.columns:\n",
    "    correlation_df = pd.DataFrame(correlations, columns=['Anno', 'Correlazione'])\n",
    "    \n",
    "    # Crea il grafico dell'andamento della correlazione nel tempo\n",
    "    fig = px.line(correlation_df, x='Anno', y='Correlazione', title=f\"Correlazione tra {stat1} e {stat2}\", markers=True)\n",
    "    fig.update_xaxes(dtick=1)\n",
    "    fig.update_yaxes(range = [-1,1], dtick = 0.10)\n",
    "    fig.show()\n",
    " else:\n",
    "    print(\"Nessun grafico disponibile: non sono state calcolate correlazioni valide. Controlla l'input\")"
   ]
  },
  {
   "cell_type": "code",
   "execution_count": null,
   "metadata": {},
   "outputs": [],
   "source": [
    "stat = 'Min'\n",
    "best_worst(stat)\n",
    "\n",
    "stat1 = 'Min'\n",
    "stat2 = 'Gls'\n",
    "correlazione(stat1,stat2)\n",
    "\n",
    "stat1 = 'Min'\n",
    "stat2 = 'Ast'\n",
    "correlazione(stat1,stat2)\n",
    "\n",
    "stat1 = 'Min'\n",
    "stat2 = 'GCA'\n",
    "correlazione(stat1,stat2)"
   ]
  },
  {
   "cell_type": "markdown",
   "metadata": {},
   "source": [
    "Non c'è bisogno di richiamare tutti i valori, ci basta usare le funzioni per confermare ciò che pensavamo. \n",
    "Nel corso degli anni la statistica meglio correlata con quella dei Minuti giocati risulta essere 'Age' con un indice di 0.144865 (abbastanza basso) registrato nel 2023. Inoltre notiamo come nelle 5 statistiche meglio correlate durante gli anni, la maggior parte abbiano addirittura un indice negativo. Questo è sicuramente il primo risultato grosso ed inaspettato di questa analisi in quanto ci aspettavamo che un minutaggio elevato avesse un grosso impatto sulle statistiche del singolo. \n",
    "Vediamo come l'andamento dell'indice di correlazione risulta costantemente basso nel corso degli anni.\n",
    "\n",
    "Da un certo punto di vista però è un risultato che ci piace in quanto suggerisce che il rendimento di un attaccante non dipenda banalmente da quanto gioca ma da come gioca. Tutto ciò da ancora più valore alla nostra ricerca."
   ]
  },
  {
   "cell_type": "markdown",
   "metadata": {},
   "source": [
    "Questo risultato interessante appena trovato sui minuti ci suggerisce di testare le correlazioni delle altre statistiche non di campo ovvero 'Age' 'Starts' 'MP', rispettivamente, Età del giocatore, numero di partite titolare e numero totale di partite in cui ha giocato. Analizziamole separatamente una per volta."
   ]
  },
  {
   "cell_type": "code",
   "execution_count": null,
   "metadata": {},
   "outputs": [],
   "source": [
    "stat = 'Age'\n",
    "correlazioni_annuali(stat)\n",
    "\n",
    "stat1 = 'Age'\n",
    "stat2 = 'Gls'\n",
    "correlazione(stat1,stat2)\n",
    "\n",
    "stat1 = 'Age'\n",
    "stat2 = 'Ast'\n",
    "correlazione(stat1,stat2)\n",
    "\n",
    "stat1 = 'Age'\n",
    "stat2 = 'GCA'\n",
    "correlazione(stat1,stat2)"
   ]
  },
  {
   "cell_type": "markdown",
   "metadata": {},
   "source": [
    "Nel 2023 il range di correlazione (esclusa ovviamente se stessa) è [0.276579, -0.098984], nel 2022 [0.308650, -0.070421], nel 2021 [0.320632, -0.119382], nel 2020 [0.352202, -0.090711] e nel 2019 [0.404946, -0.017619]. Possiamo notare come nel corso degli anni gli indici di correlazione siano rimasti in un range simile, relativamente basso. Risultato un po' inaspettato in quanto pensavamo che l'esperienza di un giocatore più anziano oppure la freschezza e fantasia di un giovane potessero influire sulla performance di questo. Le nostre statistiche di interesse, ovviamente, stanno nei range appena citati e quindi vale lo stesso discorso. Vediamo, inoltre come "
   ]
  },
  {
   "cell_type": "code",
   "execution_count": null,
   "metadata": {},
   "outputs": [],
   "source": [
    "stat = 'Starts'\n",
    "correlazioni_annuali(stat)\n",
    "\n",
    "stat1 = 'Starts'\n",
    "stat2 = 'Gls'\n",
    "correlazione(stat1,stat2)\n",
    "\n",
    "stat1 = 'Starts'\n",
    "stat2 = 'Ast'\n",
    "correlazione(stat1,stat2)\n",
    "\n",
    "stat1 = 'Starts'\n",
    "stat2 = 'GCA'\n",
    "correlazione(stat1,stat2)\n",
    "\n",
    "stat1 = 'Starts'\n",
    "stat2 = 'xG'\n",
    "correlazione(stat1,stat2)\n",
    "\n",
    "stat1 = 'Starts'\n",
    "stat2 = 'xA'\n",
    "correlazione(stat1,stat2)"
   ]
  },
  {
   "cell_type": "markdown",
   "metadata": {},
   "source": [
    "Il discorso qui è molto diverso, i range di correlazione sono molto più ampi e raggiungono numeri più alti. Nel 2023 [0.931046, -0.352069], nel 2022 [0.917525, -0.351932], nel 2021 [0.930689, -0.265947], nel 2020 [0.923731, -0.328074] e nel 2019 [0.916789, -0.379672]. Controllando notiamo che solo il dato del minutaggio è sempre correlato negativamente (avevamo già detto in precedenza quanto fosse correlato male), questo spiega come gli intervalli comprendano numeri negativi. Per i restanti dati notiamo come si relazioni abbastanza bene con le statistiche interessanti. Il risultato in realtà è abbastanza prevedibile in quanto è nell'interesse delle squadre schierare titolari i giocatori migliori che quindi registrano dati migliori."
   ]
  },
  {
   "cell_type": "code",
   "execution_count": null,
   "metadata": {},
   "outputs": [],
   "source": [
    "stat = 'MP'\n",
    "correlazioni_annuali(stat)"
   ]
  },
  {
   "cell_type": "markdown",
   "metadata": {},
   "source": [
    "Il discorso riguardante il numero di partite giocate è il medesimo a quello precedente, è nell'interesse della squadra far giocare i giocatori migliori e quindi ci aspettavamo che fosse ben correlato."
   ]
  },
  {
   "cell_type": "markdown",
   "metadata": {},
   "source": [
    "Procediamo con l'analisi, rimuovendo questa volta le statistiche appena analizzate."
   ]
  },
  {
   "cell_type": "code",
   "execution_count": 35,
   "metadata": {},
   "outputs": [
    {
     "data": {
      "application/vnd.plotly.v1+json": {
       "config": {
        "plotlyServerURL": "https://plot.ly"
       },
       "data": [
        {
         "coloraxis": "coloraxis",
         "hovertemplate": "x: %{x}<br>y: %{y}<br>color: %{z}<extra></extra>",
         "name": "0",
         "type": "heatmap",
         "x": [
          "Gls",
          "Ast",
          "PK",
          "PKatt",
          "CrdY",
          "CrdR",
          "xG",
          "PrgP",
          "PrgR",
          "Sh",
          "SoT",
          "Dist",
          "FK",
          "Cmp",
          "Att",
          "xA",
          "KP",
          "PPA",
          "CrsPA",
          "SCA",
          "GCA",
          "Tkl",
          "TklW",
          "Mid 3rd",
          "Att 3rd",
          "Touches",
          "Mid 3rd.1",
          "Att 3rd.1",
          "Att.1",
          "Succ",
          "Carries",
          "TotDist",
          "2CrdY",
          "Fld",
          "Off",
          "Crs",
          "Won",
          "Lost",
          "Duels"
         ],
         "xaxis": "x",
         "y": [
          "Gls",
          "Ast",
          "PK",
          "PKatt",
          "CrdY",
          "CrdR",
          "xG",
          "PrgP",
          "PrgR",
          "Sh",
          "SoT",
          "Dist",
          "FK",
          "Cmp",
          "Att",
          "xA",
          "KP",
          "PPA",
          "CrsPA",
          "SCA",
          "GCA",
          "Tkl",
          "TklW",
          "Mid 3rd",
          "Att 3rd",
          "Touches",
          "Mid 3rd.1",
          "Att 3rd.1",
          "Att.1",
          "Succ",
          "Carries",
          "TotDist",
          "2CrdY",
          "Fld",
          "Off",
          "Crs",
          "Won",
          "Lost",
          "Duels"
         ],
         "yaxis": "y",
         "z": [
          [
           1,
           0.6800939250456844,
           0.5838358958553883,
           0.6500402037248116,
           0.5267621032789344,
           0.25193128136616566,
           0.9354220145380396,
           0.6057468564275618,
           0.7426047154367624,
           0.8559291984968797,
           0.8833771829622946,
           -0.1736929953667108,
           0.3970613430397592,
           0.6523206890985132,
           0.6760122664505072,
           0.6127378656652609,
           0.6949535142252389,
           0.5564244865710206,
           0.30688131401122287,
           0.7203084803174025,
           0.7766225953034253,
           0.4572383796119175,
           0.4423423452376122,
           0.4371936814181867,
           0.5334787830040095,
           0.7191842991930603,
           0.711094232502449,
           0.7329964413948518,
           0.5688006879079749,
           0.5330378941074359,
           0.698554520553154,
           0.584709045591724,
           0.26507628409500505,
           0.6511747214153302,
           0.6020299330812856,
           0.3978017749735697,
           0.4957964649604277,
           0.5305669648876314,
           0.5375513600491941
          ],
          [
           0.6800939250456844,
           1,
           0.3641427736512644,
           0.35121749862764745,
           0.41980489898898243,
           0.13179957121853203,
           0.654525503252893,
           0.7023777122083804,
           0.7623107289538377,
           0.6854227406295671,
           0.6937723655448662,
           -0.025632630535492574,
           0.36393212383384055,
           0.7300033280501346,
           0.7386927233530485,
           0.7740110619603474,
           0.7650364987470177,
           0.7262726830263887,
           0.5434316803659046,
           0.7532237058259635,
           0.8803916746068967,
           0.5755369253607695,
           0.5574853806762912,
           0.5246263844432494,
           0.5943434536545712,
           0.7468324023484867,
           0.7221519402857728,
           0.7647431979502772,
           0.6281015235314269,
           0.615256449704926,
           0.7448264372957568,
           0.7117906652170766,
           0.0943691366598406,
           0.6032274612744596,
           0.45569588589709076,
           0.5709756690707823,
           0.26258584286943265,
           0.2859394328278463,
           0.28734858890743903
          ],
          [
           0.5838358958553883,
           0.3641427736512644,
           1,
           0.951847731982501,
           0.3193679114392679,
           0.1501388687289396,
           0.5897515049923968,
           0.45396703981648967,
           0.3191185460650242,
           0.4264900786463896,
           0.39062991635448274,
           0.044088396817538456,
           0.3674372266286392,
           0.40836312832222593,
           0.4137814973512275,
           0.35968785547907034,
           0.45133030471958385,
           0.39494688467820976,
           0.14521034537238392,
           0.4298801814180801,
           0.4196458306567905,
           0.2174215085383965,
           0.21258872877980428,
           0.19455022081965562,
           0.3216037347368305,
           0.42207013022616735,
           0.433832694099648,
           0.4115683478466506,
           0.29285706492170016,
           0.2657427425797861,
           0.3884771173542778,
           0.30779810183037226,
           0.1610846027809718,
           0.3215544691493104,
           0.30803489809172524,
           0.26267997013547323,
           0.1568290509995705,
           0.26142079322008743,
           0.22022967771906954
          ],
          [
           0.6500402037248116,
           0.35121749862764745,
           0.951847731982501,
           1,
           0.3344924796820671,
           0.2606852736438021,
           0.670199269105294,
           0.45165381504976176,
           0.3447746531771765,
           0.49778457398021836,
           0.46151432573640966,
           0.024075716754569605,
           0.4011960988008624,
           0.4115178221673871,
           0.4241675522023418,
           0.3651020212515914,
           0.46913085163772417,
           0.3849864487985367,
           0.138934618480657,
           0.453361447181941,
           0.4233734790900489,
           0.20614426364259444,
           0.19651151406949882,
           0.18170592533604055,
           0.31578326312482397,
           0.43716505057454774,
           0.44814382768762057,
           0.4286126183039078,
           0.2960265255623247,
           0.2714301639938983,
           0.3982177503858175,
           0.3013970388119282,
           0.25872814931333593,
           0.3404362150786546,
           0.3565202440188096,
           0.25322360686255513,
           0.2519574399199378,
           0.3198896167478261,
           0.3001317349635283
          ],
          [
           0.5267621032789344,
           0.41980489898898243,
           0.3193679114392679,
           0.3344924796820671,
           1,
           0.1586045245971216,
           0.5711738490211861,
           0.481552930600438,
           0.609885129926527,
           0.6456737080433431,
           0.595929218276706,
           -0.009658188475326856,
           0.330982822120037,
           0.5839619684382595,
           0.5956278671691561,
           0.4547724926878978,
           0.5389491859548898,
           0.4514388171080144,
           0.3170340128379205,
           0.5968103133177513,
           0.5171174827501536,
           0.5718118777635619,
           0.5698158927068857,
           0.6072787840549694,
           0.44097948031348866,
           0.6387400580826524,
           0.6408003090070281,
           0.6146637002762482,
           0.6044687441291191,
           0.5957523459213059,
           0.630872318288955,
           0.5869249810645638,
           0.3070859047286207,
           0.677904834772187,
           0.4330922136796078,
           0.3799317420189454,
           0.31425753621139446,
           0.40983051530445763,
           0.38015889657998136
          ],
          [
           0.25193128136616566,
           0.13179957121853203,
           0.1501388687289396,
           0.2606852736438021,
           0.1586045245971216,
           1,
           0.28731506731337814,
           0.0754809006665326,
           0.13859268559505744,
           0.21693028933727235,
           0.2225930678862335,
           -0.08284975082011431,
           0.12817414210540284,
           0.0910990591609448,
           0.0997930349732872,
           0.0757078040429971,
           0.1570063928344627,
           0.09107209712891333,
           0.059923280561460644,
           0.13363171337734345,
           0.12414977288561942,
           0.030519284245671654,
           0.036341302660901915,
           0.021582698278919298,
           0.06302893108124698,
           0.11013118392790996,
           0.10244145552753016,
           0.11416421737046048,
           0.04272039235095979,
           0.027362467532891097,
           0.09085105936951632,
           0.05135680331124407,
           0.40468368370982555,
           0.0758558582586355,
           0.2683219164068717,
           0.036023828361777685,
           0.11002349951765607,
           0.12109660645838759,
           0.12108980381907697
          ],
          [
           0.9354220145380396,
           0.654525503252893,
           0.5897515049923968,
           0.670199269105294,
           0.5711738490211861,
           0.28731506731337814,
           1,
           0.5752506049654613,
           0.7542701742850116,
           0.9054038227288664,
           0.9097707810564096,
           -0.23479410800044861,
           0.37196941217143403,
           0.635066906201037,
           0.6586334337288245,
           0.5908269062716627,
           0.6722642674296457,
           0.5292071641193783,
           0.28110837413419293,
           0.7148586242570845,
           0.7499800590703211,
           0.47506403494679483,
           0.4581708033592625,
           0.4531487801407224,
           0.5629243577297373,
           0.7138914288405587,
           0.7079907361127181,
           0.7304343889223323,
           0.5844686620223158,
           0.5566896241026098,
           0.6904304682073314,
           0.5856072778390914,
           0.3001657363801225,
           0.6937884839282518,
           0.6890485615889798,
           0.3537114260765282,
           0.5539669206686684,
           0.5964308115829277,
           0.602558871719278
          ],
          [
           0.6057468564275618,
           0.7023777122083804,
           0.45396703981648967,
           0.45165381504976176,
           0.481552930600438,
           0.0754809006665326,
           0.5752506049654613,
           1,
           0.8071006995906848,
           0.6951629742691204,
           0.6110611246375904,
           0.21861435187479733,
           0.5772854972778889,
           0.945312040633566,
           0.9446031883236414,
           0.884351646558345,
           0.9089052239073201,
           0.9418397735867523,
           0.6803270836521472,
           0.916849331357731,
           0.7697950715100041,
           0.7292984668226236,
           0.6994615946001909,
           0.663662773299828,
           0.7002509237820799,
           0.9229128636289422,
           0.9083998451769091,
           0.9101252839832782,
           0.7693614160489699,
           0.7557752036694482,
           0.917944543833196,
           0.8754059629257828,
           0.0633029283173576,
           0.6668995107283295,
           0.2938759829638081,
           0.774533286510268,
           0.15461769512005674,
           0.24176028604482716,
           0.20855750352663066
          ],
          [
           0.7426047154367624,
           0.7623107289538377,
           0.3191185460650242,
           0.3447746531771765,
           0.609885129926527,
           0.13859268559505744,
           0.7542701742850116,
           0.8071006995906848,
           1,
           0.8812245511694597,
           0.8513546705817281,
           -0.013595995319030845,
           0.45540688175812166,
           0.8795603021636121,
           0.8947362052774168,
           0.8424998421728812,
           0.8494967163840792,
           0.8152314051544437,
           0.6252298913120412,
           0.9058658155064836,
           0.8380861682489049,
           0.7441395756755427,
           0.7202515064469418,
           0.6677498216187143,
           0.7404748508009025,
           0.9225651540444,
           0.8756844395588235,
           0.9567429006524572,
           0.8431787230159025,
           0.8070945038986332,
           0.9361581542862514,
           0.9016814806200677,
           0.162770304529119,
           0.8344365963167064,
           0.5655951826355317,
           0.6720247159627267,
           0.375594500666979,
           0.47368367651097976,
           0.4457040389644945
          ],
          [
           0.8559291984968797,
           0.6854227406295671,
           0.4264900786463896,
           0.49778457398021836,
           0.6456737080433431,
           0.21693028933727235,
           0.9054038227288664,
           0.6951629742691204,
           0.8812245511694597,
           1,
           0.955855104104282,
           -0.07398770602299407,
           0.49062526831594894,
           0.7642471964192828,
           0.7923560360523311,
           0.704133140103743,
           0.7814757599303725,
           0.661649867581646,
           0.4677400577025446,
           0.8484962756413723,
           0.7667847901711631,
           0.6463188334770079,
           0.6199367267703854,
           0.6093121549816646,
           0.6754957565015269,
           0.847084105046398,
           0.8195325852876187,
           0.8727665076889903,
           0.750406751985513,
           0.7149014619331548,
           0.8377905818003448,
           0.7638005214078816,
           0.22762018891367347,
           0.8165877003865025,
           0.6253989348593818,
           0.5442245195913138,
           0.5215413184682048,
           0.6123090291099532,
           0.5945266951036655
          ],
          [
           0.8833771829622946,
           0.6937723655448662,
           0.39062991635448274,
           0.46151432573640966,
           0.595929218276706,
           0.2225930678862335,
           0.9097707810564096,
           0.6110611246375904,
           0.8513546705817281,
           0.955855104104282,
           1,
           -0.1533796356053488,
           0.4018836706128539,
           0.6891989321008,
           0.7181402577756498,
           0.6437030298254627,
           0.7164519642025731,
           0.5814793313912008,
           0.39535364096550174,
           0.7752806520837746,
           0.7479079760417244,
           0.5777565908814258,
           0.5607670441594887,
           0.536206362063558,
           0.6248842709697587,
           0.7759340446918648,
           0.7450625290037884,
           0.8114857095941695,
           0.6903758377693743,
           0.6523092334850772,
           0.7720442167697912,
           0.6962494515405387,
           0.23713979668281984,
           0.7515250541472273,
           0.6527942722730502,
           0.47425798405178055,
           0.5261544155722644,
           0.562337620969327,
           0.5700818402300492
          ],
          [
           -0.1736929953667108,
           -0.025632630535492574,
           0.044088396817538456,
           0.024075716754569605,
           -0.009658188475326856,
           -0.08284975082011431,
           -0.23479410800044861,
           0.21861435187479733,
           -0.013595995319030845,
           -0.07398770602299407,
           -0.1533796356053488,
           1,
           0.3339534631137622,
           0.15007505655813144,
           0.14181701039711828,
           0.15702177810758497,
           0.14475392051344912,
           0.21940298887502116,
           0.24195740297746884,
           0.13668654612977535,
           -0.03590260866223727,
           0.150402070262135,
           0.14340504679946964,
           0.13442063361963977,
           0.039904375442642026,
           0.10356318310027574,
           0.08669776054189712,
           0.09543417394512163,
           0.15077828325192083,
           0.15973075427924174,
           0.11921025271369676,
           0.17552693670163674,
           0.004659527772658345,
           -0.016643887879543455,
           -0.2711764440657213,
           0.32332290387981905,
           -0.40928221869910075,
           -0.3345658033074272,
           -0.3900351495527645
          ],
          [
           0.3970613430397592,
           0.36393212383384055,
           0.3674372266286392,
           0.4011960988008624,
           0.330982822120037,
           0.12817414210540284,
           0.37196941217143403,
           0.5772854972778889,
           0.45540688175812166,
           0.49062526831594894,
           0.4018836706128539,
           0.3339534631137622,
           1,
           0.5486770698629196,
           0.561614850276189,
           0.597879963950506,
           0.6508765973818561,
           0.558913685947452,
           0.40151447110942096,
           0.6299929659214109,
           0.40293663927850903,
           0.3599230380930849,
           0.3373237636135277,
           0.3448743521365826,
           0.36926586751123647,
           0.5486201293839257,
           0.5123419959293812,
           0.5667066432394997,
           0.5138371571277758,
           0.5110154389881854,
           0.5392227956012519,
           0.5294805058126467,
           0.20125769580812777,
           0.40552480363158006,
           0.1046385439511181,
           0.6555814018338862,
           -0.04298029600001703,
           0.06195697805562504,
           0.011292982097005681
          ],
          [
           0.6523206890985132,
           0.7300033280501346,
           0.40836312832222593,
           0.4115178221673871,
           0.5839619684382595,
           0.0910990591609448,
           0.635066906201037,
           0.945312040633566,
           0.8795603021636121,
           0.7642471964192828,
           0.6891989321008,
           0.15007505655813144,
           0.5486770698629196,
           1,
           0.9938601253581293,
           0.8836807205103463,
           0.918134831215458,
           0.9023110498772926,
           0.659216682398456,
           0.9369735458991159,
           0.8112912287692757,
           0.7939962176358547,
           0.7597744684406872,
           0.728209435350676,
           0.7030355423550552,
           0.9797998407908972,
           0.969185839578324,
           0.9574407247840158,
           0.8234978865131346,
           0.8004773305507772,
           0.9780543455141988,
           0.9358415042593397,
           0.1101076763968742,
           0.7588948059538311,
           0.36318980151201324,
           0.7646573021851777,
           0.22766757269227936,
           0.30792041609932713,
           0.2813171857375221
          ],
          [
           0.6760122664505072,
           0.7386927233530485,
           0.4137814973512275,
           0.4241675522023418,
           0.5956278671691561,
           0.0997930349732872,
           0.6586334337288245,
           0.9446031883236414,
           0.8947362052774168,
           0.7923560360523311,
           0.7181402577756498,
           0.14181701039711828,
           0.561614850276189,
           0.9938601253581293,
           1,
           0.8907980388331838,
           0.9287229127534508,
           0.9000955825805467,
