{
 "cells": [
  {
   "cell_type": "code",
   "execution_count": 23,
   "id": "91677ac0",
   "metadata": {
    "scrolled": true
   },
   "outputs": [
    {
     "data": {
      "application/vnd.plotly.v1+json": {
       "config": {
        "plotlyServerURL": "https://plot.ly"
       },
       "data": [
        {
         "coloraxis": "coloraxis",
         "hovertemplate": "x: %{x}<br>y: %{y}<br>color: %{z}<extra></extra>",
         "name": "0",
         "type": "heatmap",
         "x": [
          "Age",
          "MP",
          "Ast",
          "KP",
          "Tkl",
          "TklW",
          "Blocks",
          "Sh",
          "Pass",
          "Err",
          "CrdY",
          "CrdR",
          "Fls",
          "Crs",
          "OG",
          "AerWon",
          "AerLost",
          "CrdY + CrdR",
          "Gls"
         ],
         "xaxis": "x",
         "y": [
          "Age",
          "MP",
          "Ast",
          "KP",
          "Tkl",
          "TklW",
          "Blocks",
          "Sh",
          "Pass",
          "Err",
          "CrdY",
          "CrdR",
          "Fls",
          "Crs",
          "OG",
          "AerWon",
          "AerLost",
          "CrdY + CrdR",
          "Gls"
         ],
         "yaxis": "y",
         "z": [
          [
           1,
           0.31908091604825783,
           0.11372873343996155,
           0.16472422732026384,
           0.20611049203304863,
           0.21377964732202043,
           0.25492938543410554,
           0.25054320423664117,
           0.16820697216700556,
           0.19243488432744238,
           0.1920857824140469,
           -0.02120533685411285,
           0.20920612768249666,
           0.1540205178242178,
           0.06597183333047468,
           0.232654855914113,
           0.249111358417778,
           0.18011831282321816,
           0.16949160350801126
          ],
          [
           0.31908091604825783,
           1,
           0.45087410039459325,
           0.6085854514695904,
           0.841936314846109,
           0.8159361774637137,
           0.8516348261858092,
           0.668907164995555,
           0.7824190537622564,
           0.43605000206208866,
           0.7492838528077458,
           0.14686534331213516,
           0.8381941407206825,
           0.46360030554619325,
           0.24714210621389873,
           0.7173041336446766,
           0.8029480653291245,
           0.7345152729240916,
           0.47037577538349407
          ],
          [
           0.11372873343996155,
           0.45087410039459325,
           1,
           0.7696236964374684,
           0.3350822853014553,
           0.3060873015157596,
           0.24975851478203073,
           0.0018952171443005256,
           0.4843261738168098,
           0.015099605785431638,
           0.2720186025858631,
           -0.14505619047042953,
           0.2675843346655235,
           0.6913695415401235,
           -0.04048426246571304,
           0.07202409369694705,
           0.14433483657436688,
           0.23908145892853175,
           0.4094785971048343
          ],
          [
           0.16472422732026384,
           0.6085854514695904,
           0.7696236964374684,
           1,
           0.49581470210543044,
           0.5015343351436534,
           0.3408769387790956,
           0.03226893946723613,
           0.622081198363798,
           0.029787213805093204,
           0.4045407071105335,
           -0.07391782335089897,
           0.40677748184331336,
           0.8838738414823046,
           0.048189678465250324,
           0.142899168487179,
           0.24504583950221617,
           0.37526954592733824,
           0.4714446174145252
          ],
          [
           0.20611049203304863,
           0.841936314846109,
           0.3350822853014553,
           0.49581470210543044,
           1,
           0.9758402230859232,
           0.8013144305750055,
           0.5539116767502356,
           0.8351989441768422,
           0.3751651561169627,
           0.7167581209823707,
           0.20294820753711662,
           0.8278278238611035,
           0.3376949069627239,
           0.2661443372832296,
           0.644543342195109,
           0.7393488614983724,
           0.7113128231501902,
           0.4241726889818168
          ],
          [
           0.21377964732202043,
           0.8159361774637137,
           0.3060873015157596,
           0.5015343351436534,
           0.9758402230859232,
           1,
           0.7733840378673522,
           0.5225227267198393,
           0.8219376398713961,
           0.38410240230859377,
           0.7142741036503198,
           0.2091626816192711,
           0.8093747061373012,
           0.3388599853725958,
           0.24891060493213313,
           0.6279048804870924,
           0.7200038093496546,
           0.7098093100262505,
           0.4170611024597962
          ],
          [
           0.25492938543410554,
           0.8516348261858092,
           0.24975851478203073,
           0.3408769387790956,
           0.8013144305750055,
           0.7733840378673522,
           1,
           0.8838663000821307,
           0.7896004951315334,
           0.5396832432472446,
           0.7153532532212907,
           0.20475869077294684,
           0.8043676798197401,
           0.20156066881245627,
           0.3089404869530375,
           0.7828720535766658,
           0.8340483018244108,
           0.710225595531689,
           0.4021080179657249
          ],
          [
           0.25054320423664117,
           0.668907164995555,
           0.0018952171443005256,
           0.03226893946723613,
           0.5539116767502356,
           0.5225227267198393,
           0.8838663000821307,
           1,
           0.41088628287392803,
           0.560470473270456,
           0.5640089483673113,
           0.21532445712580578,
           0.6445708382491547,
           -0.10551908898159384,
           0.29865702116201126,
           0.7724513418105683,
           0.7874377538264012,
           0.5674566794514883,
           0.27537593168882035
          ],
          [
           0.16820697216700556,
           0.7824190537622564,
           0.4843261738168098,
           0.622081198363798,
           0.8351989441768422,
           0.8219376398713961,
           0.7896004951315334,
           0.41088628287392803,
           1,
           0.31664065067574915,
           0.6544027307392655,
           0.11662062723174421,
           0.7222156103372961,
           0.5312975453248845,
           0.21036191279671512,
           0.5125530882749992,
           0.5926419159797839,
           0.6398852140138303,
           0.42249993710924505
          ],
          [
           0.19243488432744238,
           0.43605000206208866,
           0.015099605785431638,
           0.029787213805093204,
           0.3751651561169627,
           0.38410240230859377,
           0.5396832432472446,
           0.560470473270456,
           0.31664065067574915,
           1,
           0.42813619145265286,
           0.15997326132292536,
           0.44415139268761933,
           -0.03532881233552221,
           0.24470079703016812,
           0.47869940187011173,
           0.48064799668712976,
           0.43026982152154053,
           0.20231549330820764
          ],
          [
           0.1920857824140469,
           0.7492838528077458,
           0.2720186025858631,
           0.4045407071105335,
           0.7167581209823707,
           0.7142741036503198,
           0.7153532532212907,
           0.5640089483673113,
           0.6544027307392655,
           0.42813619145265286,
           1,
           0.2731929761924272,
           0.8242064788955691,
           0.2733639348874319,
           0.1811055536036684,
           0.6166980971474779,
           0.7005653976091603,
           0.9910191318593781,
           0.34418210478535277
          ],
          [
           -0.02120533685411285,
           0.14686534331213516,
           -0.14505619047042953,
           -0.07391782335089897,
           0.20294820753711662,
           0.2091626816192711,
           0.20475869077294684,
           0.21532445712580578,
           0.11662062723174421,
           0.15997326132292536,
           0.2731929761924272,
           1,
           0.2407192155826841,
           -0.11362957295256595,
           0.11348787954463177,
           0.22932504400737871,
           0.22934115271086772,
           0.39937280761364213,
           0.018265564400004236
          ],
          [
           0.20920612768249666,
           0.8381941407206825,
           0.2675843346655235,
           0.40677748184331336,
           0.8278278238611035,
           0.8093747061373012,
           0.8043676798197401,
           0.6445708382491547,
           0.7222156103372961,
           0.44415139268761933,
           0.8242064788955691,
           0.2407192155826841,
           1,
           0.23932622647776997,
           0.22130287765080997,
           0.7902326345128766,
           0.7871584653553384,
           0.8189662150791645,
           0.387125515235062
          ],
          [
           0.1540205178242178,
           0.46360030554619325,
           0.6913695415401235,
           0.8838738414823046,
           0.3376949069627239,
           0.3388599853725958,
           0.20156066881245627,
           -0.10551908898159384,
           0.5312975453248845,
           -0.03532881233552221,
           0.2733639348874319,
           -0.11362957295256595,
           0.23932622647776997,
           1,
           0.01341945227285727,
           -0.04815661549399764,
           0.09130740385812816,
           0.24473217391872246,
           0.3588340290437557
          ],
          [
           0.06597183333047468,
           0.24714210621389873,
           -0.04048426246571304,
           0.048189678465250324,
           0.2661443372832296,
           0.24891060493213313,
           0.3089404869530375,
           0.29865702116201126,
           0.21036191279671512,
           0.24470079703016812,
           0.1811055536036684,
           0.11348787954463177,
           0.22130287765080997,
           0.01341945227285727,
           1,
           0.1831803061124555,
           0.21823692125306593,
           0.18837713382660753,
           0.007889312511789958
          ],
          [
           0.232654855914113,
           0.7173041336446766,
           0.07202409369694705,
           0.142899168487179,
           0.644543342195109,
           0.6279048804870924,
           0.7828720535766658,
           0.7724513418105683,
           0.5125530882749992,
           0.47869940187011173,
           0.6166980971474779,
           0.22932504400737871,
           0.7902326345128766,
           -0.04815661549399764,
           0.1831803061124555,
           1,
           0.8604924057332828,
           0.6196179038633448,
           0.3842700190586595
          ],
          [
           0.249111358417778,
           0.8029480653291245,
           0.14433483657436688,
           0.24504583950221617,
           0.7393488614983724,
           0.7200038093496546,
           0.8340483018244108,
           0.7874377538264012,
           0.5926419159797839,
           0.48064799668712976,
           0.7005653976091603,
           0.22934115271086772,
           0.7871584653553384,
           0.09130740385812816,
           0.21823692125306593,
           0.8604924057332828,
           1,
           0.6995492940385439,
           0.3903173892004751
          ],
          [
           0.18011831282321816,
           0.7345152729240916,
           0.23908145892853175,
           0.37526954592733824,
           0.7113128231501902,
           0.7098093100262505,
           0.710225595531689,
           0.5674566794514883,
           0.6398852140138303,
           0.43026982152154053,
           0.9910191318593781,
           0.39937280761364213,
           0.8189662150791645,
           0.24473217391872246,
           0.18837713382660753,
           0.6196179038633448,
           0.6995492940385439,
           1,
           0.33055943760628975
          ],
          [
           0.16949160350801126,
           0.47037577538349407,
           0.4094785971048343,
           0.4714446174145252,
           0.4241726889818168,
           0.4170611024597962,
           0.4021080179657249,
           0.27537593168882035,
           0.42249993710924505,
           0.20231549330820764,
           0.34418210478535277,
           0.018265564400004236,
           0.387125515235062,
           0.3588340290437557,
           0.007889312511789958,
           0.3842700190586595,
           0.3903173892004751,
           0.33055943760628975,
           1
          ]
         ]
        }
       ],
       "layout": {
        "coloraxis": {
         "colorscale": [
          [
           0,
           "#0d0887"
          ],
          [
           0.1111111111111111,
           "#46039f"
          ],
          [
           0.2222222222222222,
           "#7201a8"
          ],
          [
           0.3333333333333333,
           "#9c179e"
          ],
          [
           0.4444444444444444,
           "#bd3786"
          ],
          [
           0.5555555555555556,
           "#d8576b"
          ],
          [
           0.6666666666666666,
           "#ed7953"
          ],
          [
           0.7777777777777778,
           "#fb9f3a"
          ],
          [
           0.8888888888888888,
           "#fdca26"
          ],
          [
           1,
           "#f0f921"
          ]
         ]
        },
        "template": {
         "data": {
          "bar": [
           {
            "error_x": {
             "color": "#2a3f5f"
            },
            "error_y": {
             "color": "#2a3f5f"
            },
            "marker": {
             "line": {
              "color": "#E5ECF6",
              "width": 0.5
             },
             "pattern": {
              "fillmode": "overlay",
              "size": 10,
              "solidity": 0.2
             }
            },
            "type": "bar"
           }
          ],
          "barpolar": [
           {
            "marker": {
             "line": {
              "color": "#E5ECF6",
              "width": 0.5
             },
             "pattern": {
              "fillmode": "overlay",
              "size": 10,
              "solidity": 0.2
             }
            },
            "type": "barpolar"
           }
          ],
          "carpet": [
           {
            "aaxis": {
             "endlinecolor": "#2a3f5f",
             "gridcolor": "white",
             "linecolor": "white",
             "minorgridcolor": "white",
             "startlinecolor": "#2a3f5f"
            },
            "baxis": {
             "endlinecolor": "#2a3f5f",
             "gridcolor": "white",
             "linecolor": "white",
             "minorgridcolor": "white",
             "startlinecolor": "#2a3f5f"
            },
            "type": "carpet"
           }
          ],
          "choropleth": [
           {
            "colorbar": {
             "outlinewidth": 0,
             "ticks": ""
            },
            "type": "choropleth"
           }
          ],
          "contour": [
           {
            "colorbar": {
             "outlinewidth": 0,
             "ticks": ""
            },
            "colorscale": [
             [
              0,
              "#0d0887"
             ],
             [
              0.1111111111111111,
              "#46039f"
             ],
             [
              0.2222222222222222,
              "#7201a8"
             ],
             [
              0.3333333333333333,
              "#9c179e"
             ],
             [
              0.4444444444444444,
              "#bd3786"
             ],
             [
              0.5555555555555556,
              "#d8576b"
             ],
             [
              0.6666666666666666,
              "#ed7953"
             ],
             [
              0.7777777777777778,
              "#fb9f3a"
             ],
             [
              0.8888888888888888,
              "#fdca26"
             ],
             [
              1,
              "#f0f921"
             ]
            ],
            "type": "contour"
           }
          ],
          "contourcarpet": [
           {
            "colorbar": {
             "outlinewidth": 0,
             "ticks": ""
            },
            "type": "contourcarpet"
           }
          ],
          "heatmap": [
           {
            "colorbar": {
             "outlinewidth": 0,
             "ticks": ""
            },
            "colorscale": [
             [
              0,
              "#0d0887"
             ],
             [
              0.1111111111111111,
              "#46039f"
             ],
             [
              0.2222222222222222,
              "#7201a8"
             ],
             [
              0.3333333333333333,
              "#9c179e"
             ],
             [
              0.4444444444444444,
              "#bd3786"
             ],
             [
              0.5555555555555556,
              "#d8576b"
             ],
             [
              0.6666666666666666,
              "#ed7953"
             ],
             [
              0.7777777777777778,
              "#fb9f3a"
             ],
             [
              0.8888888888888888,
              "#fdca26"
             ],
             [
              1,
              "#f0f921"
             ]
            ],
            "type": "heatmap"
           }
          ],
          "heatmapgl": [
           {
            "colorbar": {
             "outlinewidth": 0,
             "ticks": ""
            },
            "colorscale": [
             [
              0,
              "#0d0887"
             ],
             [
              0.1111111111111111,
              "#46039f"
             ],
             [
              0.2222222222222222,
              "#7201a8"
             ],
             [
              0.3333333333333333,
              "#9c179e"
             ],
             [
              0.4444444444444444,
              "#bd3786"
             ],
             [
              0.5555555555555556,
              "#d8576b"
             ],
             [
              0.6666666666666666,
              "#ed7953"
             ],
             [
              0.7777777777777778,
              "#fb9f3a"
             ],
             [
              0.8888888888888888,
              "#fdca26"
             ],
             [
              1,
              "#f0f921"
             ]
            ],
            "type": "heatmapgl"
           }
          ],
          "histogram": [
           {
            "marker": {
             "pattern": {
              "fillmode": "overlay",
              "size": 10,
              "solidity": 0.2
             }
            },
            "type": "histogram"
           }
          ],
          "histogram2d": [
           {
            "colorbar": {
             "outlinewidth": 0,
             "ticks": ""
            },
            "colorscale": [
             [
              0,
              "#0d0887"
             ],
             [
              0.1111111111111111,
              "#46039f"
             ],
             [
              0.2222222222222222,
              "#7201a8"
             ],
             [
              0.3333333333333333,
              "#9c179e"
             ],
             [
              0.4444444444444444,
              "#bd3786"
             ],
             [
              0.5555555555555556,
              "#d8576b"
             ],
             [
              0.6666666666666666,
              "#ed7953"
             ],
             [
              0.7777777777777778,
              "#fb9f3a"
             ],
             [
              0.8888888888888888,
              "#fdca26"
             ],
             [
              1,
              "#f0f921"
             ]
            ],
            "type": "histogram2d"
           }
          ],
          "histogram2dcontour": [
           {
            "colorbar": {
             "outlinewidth": 0,
             "ticks": ""
            },
            "colorscale": [
             [
              0,
              "#0d0887"
             ],
             [
              0.1111111111111111,
              "#46039f"
             ],
             [
              0.2222222222222222,
              "#7201a8"
             ],
             [
              0.3333333333333333,
              "#9c179e"
             ],
             [
              0.4444444444444444,
              "#bd3786"
             ],
             [
              0.5555555555555556,
              "#d8576b"
             ],
             [
              0.6666666666666666,
              "#ed7953"
             ],
             [
              0.7777777777777778,
              "#fb9f3a"
             ],
             [
              0.8888888888888888,
              "#fdca26"
             ],
             [
              1,
              "#f0f921"
             ]
            ],
            "type": "histogram2dcontour"
           }
          ],
          "mesh3d": [
           {
            "colorbar": {
             "outlinewidth": 0,
             "ticks": ""
            },
            "type": "mesh3d"
           }
          ],
          "parcoords": [
           {
            "line": {
             "colorbar": {
              "outlinewidth": 0,
              "ticks": ""
             }
            },
            "type": "parcoords"
           }
          ],
          "pie": [
           {
            "automargin": true,
            "type": "pie"
           }
          ],
          "scatter": [
           {
            "fillpattern": {
             "fillmode": "overlay",
             "size": 10,
             "solidity": 0.2
            },
            "type": "scatter"
           }
          ],
          "scatter3d": [
           {
            "line": {
             "colorbar": {
              "outlinewidth": 0,
              "ticks": ""
             }
            },
            "marker": {
             "colorbar": {
              "outlinewidth": 0,
              "ticks": ""
             }
            },
            "type": "scatter3d"
           }
          ],
          "scattercarpet": [
           {
            "marker": {
             "colorbar": {
              "outlinewidth": 0,
              "ticks": ""
             }
            },
            "type": "scattercarpet"
           }
          ],
          "scattergeo": [
           {
            "marker": {
             "colorbar": {
              "outlinewidth": 0,
              "ticks": ""
             }
            },
            "type": "scattergeo"
           }
          ],
          "scattergl": [
           {
            "marker": {
             "colorbar": {
              "outlinewidth": 0,
              "ticks": ""
             }
            },
            "type": "scattergl"
           }
          ],
          "scattermapbox": [
           {
            "marker": {
             "colorbar": {
              "outlinewidth": 0,
              "ticks": ""
             }
            },
            "type": "scattermapbox"
           }
          ],
          "scatterpolar": [
           {
            "marker": {
             "colorbar": {
              "outlinewidth": 0,
              "ticks": ""
             }
            },
            "type": "scatterpolar"
           }
          ],
          "scatterpolargl": [
           {
            "marker": {
             "colorbar": {
              "outlinewidth": 0,
              "ticks": ""
             }
            },
            "type": "scatterpolargl"
           }
          ],
          "scatterternary": [
           {
            "marker": {
             "colorbar": {
              "outlinewidth": 0,
              "ticks": ""
             }
            },
            "type": "scatterternary"
           }
          ],
          "surface": [
           {
            "colorbar": {
             "outlinewidth": 0,
             "ticks": ""
            },
            "colorscale": [
             [
              0,
              "#0d0887"
             ],
             [
              0.1111111111111111,
              "#46039f"
             ],
             [
              0.2222222222222222,
              "#7201a8"
             ],
             [
              0.3333333333333333,
              "#9c179e"
             ],
             [
              0.4444444444444444,
              "#bd3786"
             ],
             [
              0.5555555555555556,
              "#d8576b"
             ],
             [
              0.6666666666666666,
              "#ed7953"
             ],
             [
              0.7777777777777778,
              "#fb9f3a"
             ],
             [
              0.8888888888888888,
              "#fdca26"
             ],
             [
              1,
              "#f0f921"
             ]
            ],
            "type": "surface"
           }
          ],
          "table": [
           {
            "cells": {
             "fill": {
              "color": "#EBF0F8"
             },
             "line": {
              "color": "white"
             }
            },
            "header": {
             "fill": {
              "color": "#C8D4E3"
             },
             "line": {
              "color": "white"
             }
            },
            "type": "table"
           }
          ]
         },
         "layout": {
          "annotationdefaults": {
           "arrowcolor": "#2a3f5f",
           "arrowhead": 0,
           "arrowwidth": 1
          },
          "autotypenumbers": "strict",
          "coloraxis": {
           "colorbar": {
            "outlinewidth": 0,
            "ticks": ""
           }
          },
          "colorscale": {
           "diverging": [
            [
             0,
             "#8e0152"
            ],
            [
             0.1,
             "#c51b7d"
            ],
            [
             0.2,
             "#de77ae"
            ],
            [
             0.3,
             "#f1b6da"
            ],
            [
             0.4,
             "#fde0ef"
            ],
            [
             0.5,
             "#f7f7f7"
            ],
            [
             0.6,
             "#e6f5d0"
            ],
            [
             0.7,
             "#b8e186"
            ],
            [
             0.8,
             "#7fbc41"
            ],
            [
             0.9,
             "#4d9221"
            ],
            [
             1,
             "#276419"
            ]
           ],
           "sequential": [
            [
             0,
             "#0d0887"
            ],
            [
             0.1111111111111111,
             "#46039f"
            ],
            [
             0.2222222222222222,
             "#7201a8"
            ],
            [
             0.3333333333333333,
             "#9c179e"
            ],
            [
             0.4444444444444444,
             "#bd3786"
            ],
            [
             0.5555555555555556,
             "#d8576b"
            ],
            [
             0.6666666666666666,
             "#ed7953"
            ],
            [
             0.7777777777777778,
             "#fb9f3a"
            ],
            [
             0.8888888888888888,
             "#fdca26"
            ],
            [
             1,
             "#f0f921"
            ]
           ],
           "sequentialminus": [
            [
             0,
             "#0d0887"
            ],
            [
             0.1111111111111111,
             "#46039f"
            ],
            [
             0.2222222222222222,
             "#7201a8"
            ],
            [
             0.3333333333333333,
             "#9c179e"
            ],
            [
             0.4444444444444444,
             "#bd3786"
            ],
            [
             0.5555555555555556,
             "#d8576b"
            ],
            [
             0.6666666666666666,
             "#ed7953"
            ],
            [
             0.7777777777777778,
             "#fb9f3a"
            ],
            [
             0.8888888888888888,
             "#fdca26"
            ],
            [
             1,
             "#f0f921"
            ]
           ]
          },
          "colorway": [
           "#636efa",
           "#EF553B",
           "#00cc96",
           "#ab63fa",
           "#FFA15A",
           "#19d3f3",
           "#FF6692",
           "#B6E880",
           "#FF97FF",
           "#FECB52"
          ],
          "font": {
           "color": "#2a3f5f"
          },
          "geo": {
           "bgcolor": "white",
           "lakecolor": "white",
           "landcolor": "#E5ECF6",
           "showlakes": true,
           "showland": true,
           "subunitcolor": "white"
          },
          "hoverlabel": {
           "align": "left"
          },
          "hovermode": "closest",
          "mapbox": {
           "style": "light"
          },
          "paper_bgcolor": "white",
          "plot_bgcolor": "#E5ECF6",
          "polar": {
           "angularaxis": {
            "gridcolor": "white",
            "linecolor": "white",
            "ticks": ""
           },
           "bgcolor": "#E5ECF6",
           "radialaxis": {
            "gridcolor": "white",
            "linecolor": "white",
            "ticks": ""
           }
          },
          "scene": {
           "xaxis": {
            "backgroundcolor": "#E5ECF6",
            "gridcolor": "white",
            "gridwidth": 2,
            "linecolor": "white",
            "showbackground": true,
            "ticks": "",
            "zerolinecolor": "white"
           },
           "yaxis": {
            "backgroundcolor": "#E5ECF6",
            "gridcolor": "white",
            "gridwidth": 2,
            "linecolor": "white",
            "showbackground": true,
            "ticks": "",
            "zerolinecolor": "white"
           },
           "zaxis": {
            "backgroundcolor": "#E5ECF6",
            "gridcolor": "white",
            "gridwidth": 2,
            "linecolor": "white",
            "showbackground": true,
            "ticks": "",
            "zerolinecolor": "white"
           }
          },
          "shapedefaults": {
           "line": {
            "color": "#2a3f5f"
           }
          },
          "ternary": {
           "aaxis": {
            "gridcolor": "white",
            "linecolor": "white",
            "ticks": ""
           },
           "baxis": {
            "gridcolor": "white",
            "linecolor": "white",
            "ticks": ""
           },
           "bgcolor": "#E5ECF6",
           "caxis": {
            "gridcolor": "white",
            "linecolor": "white",
            "ticks": ""
           }
          },
          "title": {
           "x": 0.05
          },
          "xaxis": {
           "automargin": true,
           "gridcolor": "white",
           "linecolor": "white",
           "ticks": "",
           "title": {
            "standoff": 15
           },
           "zerolinecolor": "white",
           "zerolinewidth": 2
          },
          "yaxis": {
           "automargin": true,
           "gridcolor": "white",
           "linecolor": "white",
           "ticks": "",
           "title": {
            "standoff": 15
           },
           "zerolinecolor": "white",
           "zerolinewidth": 2
          }
         }
        },
        "title": {
         "text": "Matrice di Correlazione - Anno 2019"
        },
        "xaxis": {
         "anchor": "y",
         "constrain": "domain",
         "domain": [
          0,
          1
         ],
         "scaleanchor": "y"
        },
        "yaxis": {
         "anchor": "x",
         "autorange": "reversed",
         "constrain": "domain",
         "domain": [
          0,
          1
         ]
        }
       }
      }
     },
     "metadata": {},
     "output_type": "display_data"
    },
    {
     "data": {
      "application/vnd.plotly.v1+json": {
       "config": {
        "plotlyServerURL": "https://plot.ly"
       },
       "data": [
        {
         "coloraxis": "coloraxis",
         "hovertemplate": "x: %{x}<br>y: %{y}<br>color: %{z}<extra></extra>",
         "name": "0",
         "type": "heatmap",
         "x": [
          "Age",
          "Tkl",
          "TklW",
          "Blocks",
          "Sh",
          "Pass",
          "Err",
          "MP",
          "Gls",
          "Ast",
          "CrdY",
          "CrdR",
          "KP",
          "Fls",
          "OG",
          "AerWon",
          "AerLost",
          "CrdY + CrdR"
         ],
         "xaxis": "x",
         "y": [
          "Age",
          "Tkl",
          "TklW",
          "Blocks",
          "Sh",
          "Pass",
          "Err",
          "MP",
          "Gls",
          "Ast",
          "CrdY",
          "CrdR",
          "KP",
          "Fls",
          "OG",
          "AerWon",
          "AerLost",
          "CrdY + CrdR"
         ],
         "yaxis": "y",
         "z": [
          [
           1,
           0.1090094617457099,
           0.10039328762288686,
           0.18994050474646662,
           0.24728465613233727,
           0.06723290623603659,
           0.10191593861431454,
           0.18824314923827895,
           0.04602870734662399,
           -0.014270578928964068,
           0.14697585530359447,
           0.001567488756057687,
           -0.00120228351110754,
           0.08352252084593269,
           0.07304497603228917,
           0.1714034065074329,
           0.1651124957206412,
           0.1415577298959628
          ],
          [
           0.1090094617457099,
           1,
           0.9761590696349128,
           0.8099828630658142,
           0.5565716240569867,
           0.7946896991081639,
           0.42441193680190115,
           0.8371141965106672,
           0.4801031668101453,
           0.4665950436148386,
           0.6814030237354917,
           0.20520729301423904,
           0.5361142078098154,
           0.8180075201043707,
           0.15153458904001324,
           0.667843074379393,
           0.7198755153651714,
           0.6770702531374314
          ],
          [
           0.10039328762288686,
           0.9761590696349128,
           1,
           0.8055194052839169,
           0.560698642266771,
           0.7829715457719841,
           0.4222657170125496,
           0.8136479281363007,
           0.48764172959711255,
           0.44629734034328117,
           0.6681948397913408,
           0.22215392131012263,
           0.5157565022668877,
           0.796341718540529,
           0.16247177578366678,
           0.6645052398528689,
           0.7210899925560079,
           0.6661434037156071
          ],
          [
           0.18994050474646662,
           0.8099828630658142,
           0.8055194052839169,
           1,
           0.8363003464776564,
           0.8289538252581872,
           0.4484413408533186,
           0.8553045166832738,
           0.45672415723271204,
           0.37084856686835727,
           0.6729587275485909,
           0.19669783593049633,
           0.40045044779540384,
           0.7988385415214335,
           0.14479146255994865,
           0.7857246351803778,
           0.8306977830951952,
           0.6680530924460926
          ],
          [
           0.24728465613233727,
           0.5565716240569867,
           0.560698642266771,
           0.8363003464776564,
           1,
           0.38659672932730177,
           0.40783704430336326,
           0.6256758595422403,
           0.2078368716049014,
           0.06833700413404276,
           0.5559515134063852,
           0.16923200108320552,
           0.05671304202783283,
           0.6338716835276031,
           0.045046096321730074,
           0.8068967237412509,
           0.7712406497766555,
           0.55260598322984
          ],
          [
           0.06723290623603659,
           0.7946896991081639,
           0.7829715457719841,
           0.8289538252581872,
           0.38659672932730177,
           1,
           0.33827087303198167,
           0.8004289476519675,
           0.5562327859462474,
           0.554091489051135,
           0.5648336961109303,
           0.1582245291939366,
           0.6157430175231996,
           0.6970864671449839,
           0.19760045132249607,
           0.49851673946357405,
           0.6105405725943018,
           0.5599948453826185
          ],
          [
           0.10191593861431454,
           0.42441193680190115,
           0.4222657170125496,
           0.4484413408533186,
           0.40783704430336326,
           0.33827087303198167,
           1,
           0.42675536720049956,
           0.2260988904184971,
           0.19093985560260554,
           0.4801048104569054,
           0.11530750761898172,
           0.23560449502516972,
           0.44952621530365805,
           0.09883500653055577,
           0.40357007922867527,
           0.4106827971703161,
           0.47397741180653247
          ],
          [
           0.18824314923827895,
           0.8371141965106672,
           0.8136479281363007,
           0.8553045166832738,
           0.6256758595422403,
           0.8004289476519675,
           0.42675536720049956,
           1,
           0.4876269100297324,
           0.5269039281760933,
           0.7030449754066892,
           0.22834050485414814,
           0.6308900367412922,
           0.8156583163029888,
           0.15091172742910122,
           0.70042668059311,
           0.7954355447346378,
           0.7003194694767008
          ],
          [
           0.04602870734662399,
           0.4801031668101453,
           0.48764172959711255,
           0.45672415723271204,
           0.2078368716049014,
           0.5562327859462474,
           0.2260988904184971,
           0.4876269100297324,
           1,
           0.5050396807933427,
           0.36289874529856525,
           0.19685658347149448,
           0.5289805284152849,
           0.47109683732809204,
           0.10612214742398614,
           0.34355807116290754,
           0.33634172091633646,
           0.36978710543103427
          ],
          [
           -0.014270578928964068,
           0.4665950436148386,
           0.44629734034328117,
           0.37084856686835727,
           0.06833700413404276,
           0.554091489051135,
           0.19093985560260554,
           0.5269039281760933,
           0.5050396807933427,
           1,
           0.3501058405059872,
           0.05569233222635381,
           0.7913534325102023,
           0.40528414708052946,
           0.07332823743136586,
           0.14715323100274622,
           0.22191161101004334,
           0.34265589242955136
          ],
          [
           0.14697585530359447,
           0.6814030237354917,
           0.6681948397913408,
           0.6729587275485909,
           0.5559515134063852,
           0.5648336961109303,
           0.4801048104569054,
           0.7030449754066892,
           0.36289874529856525,
           0.3501058405059872,
           1,
           0.31426456602766095,
           0.3886234379753302,
           0.8009590607162413,
           0.11430027440414155,
           0.6465386473348372,
           0.6731465313205444,
           0.9950181848797933
          ],
          [
           0.001567488756057687,
           0.20520729301423904,
           0.22215392131012263,
           0.19669783593049633,
           0.16923200108320552,
           0.1582245291939366,
           0.11530750761898172,
           0.22834050485414814,
           0.19685658347149448,
           0.05569233222635381,
           0.31426456602766095,
           1,
           0.08013795143317813,
           0.22781307833105946,
