{
 "cells": [
  {
   "cell_type": "code",
   "execution_count": 119,
   "metadata": {},
   "outputs": [],
   "source": [
    "import pandas as pd\n",
    "import plotly.express as px\n",
    "import plotly.graph_objects as go\n",
    "pd.set_option('display.max_columns', None)\n",
    "\n",
    "data_frame = pd.read_excel('attaccanti_23.xlsx')\n"
   ]
  },
  {
   "cell_type": "code",
   "execution_count": 120,
   "metadata": {},
   "outputs": [
    {
     "data": {
      "text/plain": [
       "Index(['Player', 'Nation', 'Pos', 'Squad', 'Age', 'MP', 'Starts', 'Min', 'Gls',\n",
       "       'Ast', 'G+A', 'G-PK', 'PK', 'PKatt', 'CrdY', 'CrdR', 'xG', 'npxG',\n",
       "       'PrgP', 'PrgR', 'Sh', 'SoT', 'SoT%', 'G/Sh', 'G/SoT', 'Dist', 'FK',\n",
       "       'G-xG', 'Cmp', 'Att', 'Cmp%', 'xA', 'KP', 'PPA', 'CrsPA', 'SCA', 'GCA',\n",
       "       'Tkl', 'TklW', 'Mid 3rd', 'Att 3rd', 'Touches', 'Mid 3rd.1',\n",
       "       'Att 3rd.1', 'Att.1', 'Succ', 'Succ%', 'Carries', 'TotDist', '2CrdY',\n",
       "       'Fld', 'Off', 'Crs', 'Won', 'Lost', 'Won%'],\n",
       "      dtype='object')"
      ]
     },
     "execution_count": 120,
     "metadata": {},
     "output_type": "execute_result"
    }
   ],
   "source": [
    "data_frame.columns"
   ]
  },
  {
   "cell_type": "markdown",
   "metadata": {},
   "source": [
    "tolgo le colonne che non servono per la analisi dati quindi nome, squadra e posizione"
   ]
  },
  {
   "cell_type": "code",
   "execution_count": 121,
   "metadata": {},
   "outputs": [],
   "source": [
    "data_frame.drop(columns=['Player', 'Nation', 'Pos', 'Squad','CrdY', 'CrdR', 'Tkl', 'TklW', 'Mid 3rd',\n",
    "       'Att 3rd', 'Touches', 'Mid 3rd.1', 'Att 3rd.1', 'Att.1', 'Succ',\n",
    "       'Succ%', 'Carries', 'TotDist', '2CrdY', 'Fld', 'Off', 'Crs', 'Won',\n",
    "       'Lost', 'Won%'], inplace = True)\n",
    "\n",
    "data_frame = data_frame[data_frame['Min']>=100]"
   ]
  },
  {
   "cell_type": "markdown",
   "metadata": {},
   "source": [
    "STATS CORRELATIONS"
   ]
  },
  {
   "cell_type": "code",
   "execution_count": 122,
   "metadata": {},
   "outputs": [
    {
     "data": {
      "application/vnd.plotly.v1+json": {
       "config": {
        "plotlyServerURL": "https://plot.ly"
       },
       "data": [
        {
         "coloraxis": "coloraxis",
         "hovertemplate": "x: %{x}<br>y: %{y}<br>color: %{z}<extra></extra>",
         "name": "0",
         "type": "heatmap",
         "x": [
          "Age",
          "MP",
          "Starts",
          "Min",
          "Gls",
          "Ast",
          "G+A",
          "G-PK",
          "PK",
          "PKatt",
          "xG",
          "npxG",
          "PrgP",
          "PrgR",
          "Sh",
          "SoT",
          "SoT%",
          "G/Sh",
          "G/SoT",
          "Dist",
          "FK",
          "G-xG",
          "Cmp",
          "Att",
          "Cmp%",
          "xA",
          "KP",
          "PPA",
          "CrsPA",
          "SCA",
          "GCA"
         ],
         "xaxis": "x",
         "y": [
          "Age",
          "MP",
          "Starts",
          "Min",
          "Gls",
          "Ast",
          "G+A",
          "G-PK",
          "PK",
          "PKatt",
          "xG",
          "npxG",
          "PrgP",
          "PrgR",
          "Sh",
          "SoT",
          "SoT%",
          "G/Sh",
          "G/SoT",
          "Dist",
          "FK",
          "G-xG",
          "Cmp",
          "Att",
          "Cmp%",
          "xA",
          "KP",
          "PPA",
          "CrsPA",
          "SCA",
          "GCA"
         ],
         "yaxis": "y",
         "z": [
          [
           1,
           0.23087762925709268,
           0.12629029775776138,
           0.2111440446781932,
           0.24762910837247648,
           0.32438151074847094,
           0.3306340521931607,
           0.24147581368288248,
           0.07950152318512504,
           0.11792585480654011,
           0.3303371482862635,
           0.3319695135207748,
           0.12406827018084304,
           0.21541989259521918,
           0.2662207809091458,
           0.18367695223747113,
           -0.04522908487060805,
           0.15878169816398688,
           0.21317071471525137,
           -0.09284028369322204,
           0.25930798173535946,
           -0.06272658006655489,
           0.15672837349637117,
           0.1975720944200531,
           -0.24863186320318278,
           0.3323560208032876,
           0.21508188906967188,
           0.17002704228021567,
           0.13169979070497875,
           0.14301210875085807,
           0.23654226842557302
          ],
          [
           0.23087762925709268,
           1,
           0.47887484096236443,
           0.7964932802790975,
           0.4253642137378575,
           0.4108357976778809,
           0.5022161627352717,
           0.4492360065751423,
           0.031237002830032723,
           0.06948154147490886,
           0.6260561283080861,
           0.6746528832464321,
           0.49093780535039644,
           0.7947794759731859,
           0.703110138984024,
           0.6472013782353283,
           0.11878692045670673,
           0.1641300830602698,
           0.042731830280946674,
           -0.28832021494405063,
           0.1969808000883381,
           -0.19107490091457446,
           0.6265785097872499,
           0.6735745634264974,
           0.02087241116464558,
           0.5911522991425099,
           0.6761882306056414,
           0.46118782004311804,
           0.3203282971617565,
           0.69436230710448,
           0.4827060796297788
          ],
          [
           0.12629029775776138,
           0.47887484096236443,
           1,
           0.8629824243541027,
           0.35464724691449506,
           0.3076467510038309,
           0.4030557845311248,
           0.35162626229329397,
           0.09614842043395243,
           0.11043347598432658,
           0.4331124458867654,
           0.4447526122801771,
           0.5248117321932972,
           0.6472066020468255,
           0.5619949482687697,
           0.48435210853924643,
           0.05051597897626341,
           0.19674284640428435,
           0.16518982460597179,
           -0.22324877321745434,
           -0.09900162675377683,
           -0.03299551690061202,
           0.5766288069579935,
           0.6392406096451683,
           -0.01929167393164663,
           0.37706160165331676,
           0.5112841891656704,
           0.34148909928766963,
           0.20778342777931808,
           0.601368994252541,
           0.42155367630975893
          ],
          [
           0.2111440446781932,
           0.7964932802790975,
           0.8629824243541027,
           1,
           0.5574716446641113,
           0.4546909112272561,
           0.6205870580107105,
           0.546662049900254,
           0.16967108678863257,
           0.16829250499808887,
           0.6696348888627482,
           0.6890228524550089,
           0.621868187542049,
           0.8562078213327773,
           0.7674124732747997,
           0.7048882144596731,
           0.13530035209602867,
           0.2829939806330536,
           0.20542871991934963,
           -0.29999691989926613,
           0.030839120035626146,
           -0.03597878032300175,
           0.7157646152068572,
           0.7773649416194512,
           0.029898346059055263,
           0.5792833837365383,
           0.7151938643165333,
           0.506261725694226,
           0.341078907984024,
           0.7848729082292907,
           0.5668148550317008
          ],
          [
           0.24762910837247648,
           0.4253642137378575,
           0.35464724691449506,
           0.5574716446641113,
           1,
           0.35836691947991983,
           0.9078759158241387,
           0.9534750313726184,
           0.38733900607220834,
           0.3658258276537567,
           0.796398627113693,
           0.7627430314463313,
           0.2587164070188232,
           0.4328567920115123,
           0.5975746769351884,
           0.7238218874485844,
           0.33903683777418764,
           0.7752036449231041,
           0.6382198960177217,
           -0.3426036567500099,
           0.043606942246752434,
           0.5108691089966958,
           0.270113907295635,
           0.325436281535238,
           -0.17108839577021706,
           0.2915844636648144,
           0.4046253293625868,
           0.24677909591450525,
           0.17179827503018386,
           0.3815894468592102,
           0.44805726866532125
          ],
          [
           0.32438151074847094,
           0.4108357976778809,
           0.3076467510038309,
           0.4546909112272561,
           0.35836691947991983,
           1,
           0.7167461657601641,
           0.33158648284555425,
           0.16971920479635075,
           0.1218146266324715,
           0.36363506832559567,
           0.36777266117374907,
           0.3970517831946681,
           0.44285152577171766,
           0.29561716262010984,
           0.2994292420963669,
           0.07227363742242313,
           0.18906748991179878,
           0.13452356236822643,
           -0.15021131278443858,
           0.18609864633674927,
           0.07187482162130153,
           0.41560786644401165,
           0.4491394088920283,
           0.04148100643460701,
           0.6178137899669283,
           0.4669881317276391,
           0.4434304413441758,
           0.2231681163754528,
           0.4227809846184387,
           0.7209059011652766
          ],
          [
           0.3306340521931607,
           0.5022161627352717,
           0.4030557845311248,
           0.6205870580107105,
           0.9078759158241387,
           0.7167461657601641,
           1,
           0.8610981201495035,
           0.3655362443550037,
           0.32795477324582284,
           0.7581624939364567,
           0.7348816425098368,
           0.37154937739826127,
           0.5221898720408488,
           0.5791073054052014,
           0.6751189875078027,
           0.28569770173948705,
           0.6639387091097283,
           0.5383323021464496,
           -0.32336104629163376,
           0.11614250686202107,
           0.4138679800565106,
           0.3883955886026937,
           0.4447762573982058,
           -0.10916604750687638,
           0.4952366408324119,
           0.5119414210280111,
           0.38345991174930916,
           0.2285410908561197,
           0.47488296156515125,
           0.6584084415542113
          ],
          [
           0.24147581368288248,
           0.4492360065751423,
           0.35162626229329397,
           0.546662049900254,
           0.9534750313726184,
           0.33158648284555425,
           0.8610981201495035,
           1,
           0.09137977481715323,
           0.09556810708440794,
           0.7272887610798361,
           0.7780137484359922,
           0.24508989272859438,
           0.43784848848946323,
           0.5894430491982086,
           0.7523768486644706,
           0.37999160145585686,
           0.8260039602324958,
           0.6622571607798602,
           -0.37439120171946744,
           0.0399688613481988,
           0.5326692749712185,
           0.27939129052102685,
           0.3315356744669808,
           -0.15820301983806692,
           0.2994876858614716,
           0.38796003867907286,
           0.23230993753846996,
           0.15150049362817913,
           0.37026335973589286,
           0.418329347610845
          ],
          [
           0.07950152318512504,
           0.031237002830032723,
           0.09614842043395243,
           0.16967108678863257,
           0.38733900607220834,
           0.16971920479635075,
           0.3655362443550037,
           0.09137977481715323,
           1,
           0.9161296900704614,
           0.4065117466788401,
           0.14021820553738862,
           0.1050725754801399,
           0.09081072366619783,
           0.17130919686434729,
           0.09005538127886177,
           -0.042160156789161664,
           0.03461805092864187,
           0.08179207402923497,
           0.013251622432416588,
           0.021812007262110446,
           0.05852612305601573,
           0.03782279476584696,
           0.06109877492698174,
           -0.08133195694599715,
           0.04728671989002061,
           0.15012197118759482,
           0.10472412308450654,
           0.1041739409655428,
           0.1281488736171177,
           0.2007124897523779
          ],
          [
           0.11792585480654011,
           0.06948154147490886,
           0.11043347598432658,
           0.16829250499808887,
           0.3658258276537567,
           0.1218146266324715,
           0.32795477324582284,
           0.09556810708440794,
           0.9161296900704614,
           1,
           0.4741336967978255,
           0.18653518648152645,
           0.055829436966424915,
           0.06505491987357734,
           0.19358847657455933,
           0.11819913006391251,
           -0.057799263588309134,
           0.031498809044030546,
           0.07959647868547184,
           0.05019541651052198,
           0.03894062692083904,
           -0.07294005336014255,
           -0.008549750418137835,
           0.022402524683517853,
           -0.17650746751049687,
           0.012214563994529486,
           0.11183449576002477,
           0.05531504831430348,
           0.04594786654052684,
           0.11529169456492597,
           0.1410618909394615
          ],
          [
           0.3303371482862635,
           0.6260561283080861,
           0.4331124458867654,
           0.6696348888627482,
           0.796398627113693,
           0.36363506832559567,
           0.7581624939364567,
           0.7272887610798361,
           0.4065117466788401,
           0.4741336967978255,
           1,
           0.953384571719703,
           0.20862045622897102,
           0.5228304112310133,
           0.7848639331541054,
           0.7790207131894052,
           0.19608284720887093,
           0.42216581771252865,
           0.31657143293408346,
           -0.4149826540713683,
           0.13089793998132634,
           -0.1130419781600861,
           0.27941779726557436,
           0.34027859452917947,
           -0.18892063700922676,
           0.3464956427362355,
           0.4154142313762742,
           0.22198257769669116,
           0.08499565662850833,
           0.46759339161460123,
           0.45414062349484746
          ],
          [
           0.3319695135207748,
           0.6746528832464321,
           0.4447526122801771,
           0.6890228524550089,
           0.7627430314463313,
           0.36777266117374907,
           0.7348816425098368,
           0.7780137484359922,
           0.14021820553738862,
           0.18653518648152645,
           0.953384571719703,
           1,
           0.21574526660933624,
           0.5612809932178575,
           0.8091591272666562,
           0.8274003672407313,
           0.2366377117085183,
           0.45920465804061733,
           0.3271486094686285,
           -0.47849064236091027,
           0.13509400381561834,
           -0.10207341703583334,
           0.3158779804478739,
           0.37320721109948213,
           -0.15025182903675968,
           0.3864666394249063,
           0.42609789838081336,
           0.23252864737939272,
           0.08067220848239623,
           0.48278312245766414,
           0.4611515599698711
          ],
          [
           0.12406827018084304,
           0.49093780535039644,
           0.5248117321932972,
           0.621868187542049,
           0.2587164070188232,
           0.3970517831946681,
           0.37154937739826127,
           0.24508989272859438,
           0.1050725754801399,
           0.055829436966424915,
           0.20862045622897102,
           0.21574526660933624,
           1,
           0.6568929403240545,
           0.41253394132963445,
           0.3645531800614278,
           0.08613222847456109,
           0.1218810181360009,
           0.056211319569258296,
           0.21120598407582256,
           0.2587379389764652,
           0.1285041860382396,
           0.8330166583242793,
           0.865223294924853,
           0.25117973007087685,
           0.7404618100363786,
           0.7937755040493982,
           0.8920337488758415,
           0.6110730141705132,
           0.8111843220146667,
           0.45713946353165086
          ],
          [
           0.21541989259521918,
           0.7947794759731859,
           0.6472066020468255,
           0.8562078213327773,
           0.4328567920115123,
           0.44285152577171766,
           0.5221898720408488,
           0.43784848848946323,
           0.09081072366619783,
           0.06505491987357734,
           0.5228304112310133,
           0.5612809932178575,
           0.6568929403240545,
           1,
           0.6971513997259038,
           0.642870362860983,
           0.19886767582413742,
           0.2227775868665873,
           0.09930447937871799,
           -0.15989364441151485,
           0.14829371076548684,
           -0.032034119663035356,
           0.8066980027525964,
           0.8471255492268062,
           0.13690697546000283,
           0.6927795928422339,
           0.7487435588755932,
           0.640803219810922,
           0.5409212821626451,
           0.8059827322317423,
           0.4915204022094344
          ],
          [
           0.2662207809091458,
           0.703110138984024,
           0.5619949482687697,
           0.7674124732747997,
           0.5975746769351884,
           0.29561716262010984,
           0.5791073054052014,
           0.5894430491982086,
           0.17130919686434729,
           0.19358847657455933,
           0.7848639331541054,
           0.8091591272666562,
           0.41253394132963445,
           0.6971513997259038,
           1,
           0.8613089018356456,
           0.12871969302602954,
           0.23388236864689466,
           0.14402244881942813,
           -0.2614468270963849,
           0.2868270326575724,
           -0.13388616310113036,
           0.46783192347193703,
           0.5291164655735917,
           -0.08207575211785148,
           0.45138749871339096,
           0.5689153899152136,
           0.4104499567654133,
           0.3012048013562754,
           0.7015207002820435,
           0.42354363585191956
          ],
          [
           0.18367695223747113,
           0.6472013782353283,
           0.48435210853924643,
           0.7048882144596731,
           0.7238218874485844,
           0.2994292420963669,
           0.6751189875078027,
           0.7523768486644706,
           0.09005538127886177,
           0.11819913006391251,
           0.7790207131894052,
           0.8274003672407313,
           0.3645531800614278,
           0.642870362860983,
           0.8613089018356456,
           1,
           0.5079069692833141,
           0.45614807984492906,
           0.17429541923969186,
           -0.3446373668971626,
           0.1327135937045443,
           0.08183340853154097,
           0.4281280788058564,
           0.4836116266508954,
           -0.08446895733001607,
           0.4085950370919889,
           0.5034422496213369,
           0.3612314527896973,
           0.28105027647775827,
           0.5700060467464332,
           0.42116111293072056
          ],
          [
           -0.04522908487060805,
           0.11878692045670673,
           0.05051597897626341,
           0.13530035209602867,
           0.33903683777418764,
           0.07227363742242313,
           0.28569770173948705,
           0.37999160145585686,
           -0.042160156789161664,
           -0.057799263588309134,
           0.19608284720887093,
           0.2366377117085183,
           0.08613222847456109,
           0.19886767582413742,
           0.12871969302602954,
           0.5079069692833141,
           1,
           0.4789425639140998,
           -0.02076922457696005,
           -0.2456239830746928,
           -0.18369386431649762,
           0.27828567294852724,
           0.12468958036530746,
           0.1293652890626997,
           0.010562061936494649,
           0.07767956941349392,
           0.08047048428230662,
           0.07662435760902926,
           0.08181334358310934,
           0.06051329463591289,
           0.14432594011014835
          ],
          [
           0.15878169816398688,
           0.1641300830602698,
           0.19674284640428435,
           0.2829939806330536,
           0.7752036449231041,
           0.18906748991179878,
           0.6639387091097283,
           0.8260039602324958,
           0.03461805092864187,
           0.031498809044030546,
           0.42216581771252865,
           0.45920465804061733,
           0.1218810181360009,
           0.2227775868665873,
           0.23388236864689466,
           0.45614807984492906,
           0.4789425639140998,
           1,
           0.8344309073947607,
           -0.3654005289985853,
           -0.10862322916015715,
           0.6735038764573585,
           0.15545182973809998,
           0.18054751813252273,
           -0.15186133396516138,
           0.1319759890816272,
           0.21225763101130704,
           0.081837189887707,
           0.04774018111043575,
           0.13747014853546569,
           0.2386077913132564
          ],
          [
           0.21317071471525137,
           0.042731830280946674,
           0.16518982460597179,
           0.20542871991934963,
           0.6382198960177217,
           0.13452356236822643,
           0.5383323021464496,
           0.6622571607798602,
           0.08179207402923497,
           0.07959647868547184,
           0.31657143293408346,
           0.3271486094686285,
           0.056211319569258296,
           0.09930447937871799,
           0.14402244881942813,
           0.17429541923969186,
           -0.02076922457696005,
           0.8344309073947607,
           1,
           -0.2854404002529486,
           -0.033168282053724234,
           0.581400226739626,
           0.040206195361207925,
           0.07072785950880786,
           -0.19318568767501662,
           0.04400934187920519,
           0.1243030049445188,
           0.030853334795417457,
           -0.04966384911490992,
           0.06141602066374203,
           0.1624938677887491
          ],
          [
           -0.09284028369322204,
           -0.28832021494405063,
           -0.22324877321745434,
           -0.29999691989926613,
           -0.3426036567500099,
           -0.15021131278443858,
           -0.32336104629163376,
           -0.37439120171946744,
           0.013251622432416588,
           0.05019541651052198,
           -0.4149826540713683,
           -0.47849064236091027,
           0.21120598407582256,
           -0.15989364441151485,
           -0.2614468270963849,
           -0.3446373668971626,
           -0.2456239830746928,
           -0.3654005289985853,
           -0.2854404002529486,
           1,
           0.35573083241153364,
           0.0270113836594331,
           0.0736857920395846,
           0.03689301137987441,
           0.27502446413357956,
           0.04786123387493441,
           0.00043268480866376336,
           0.2540417955737676,
           0.2465781379737456,
           0.02121514828179502,
           -0.21198982400659744
          ],
          [
           0.25930798173535946,
           0.1969808000883381,
           -0.09900162675377683,
           0.030839120035626146,
           0.043606942246752434,
           0.18609864633674927,
           0.11614250686202107,
           0.0399688613481988,
           0.021812007262110446,
           0.03894062692083904,
           0.13089793998132634,
           0.13509400381561834,
           0.2587379389764652,
           0.14829371076548684,
           0.2868270326575724,
           0.1327135937045443,
           -0.18369386431649762,
           -0.10862322916015715,
           -0.033168282053724234,
           0.35573083241153364,
           1,
           -0.11442343860210824,
           0.24868632297608098,
           0.24209622297666605,
           0.1668913409393392,
           0.3137928790582626,
           0.3265679182867193,
           0.36280209790586193,
           0.2487427091457302,
           0.33291166000259464,
           0.1571924038091006
          ],
          [
           -0.06272658006655489,
           -0.19107490091457446,
           -0.03299551690061202,
           -0.03597878032300175,
           0.5108691089966958,
           0.07187482162130153,
           0.4138679800565106,
           0.5326692749712185,
           0.05852612305601573,
           -0.07294005336014255,
           -0.1130419781600861,
           -0.10207341703583334,
           0.1285041860382396,
           -0.032034119663035356,
           -0.13388616310113036,
           0.08183340853154097,
           0.27828567294852724,
           0.6735038764573585,
           0.581400226739626,
           0.0270113836594331,
           -0.11442343860210824,
           1,
           0.046593832616941035,
           0.050972783890844066,
           -0.012541125794002853,
           -0.013480217247911533,
           0.07427160101657848,
           0.08989847154926975,
           0.16143247015346657,
           -0.03774496301722407,
           0.0905786994632805
          ],
          [
           0.15672837349637117,
           0.6265785097872499,
           0.5766288069579935,
           0.7157646152068572,
           0.270113907295635,
           0.41560786644401165,
           0.3883955886026937,
           0.27939129052102685,
           0.03782279476584696,
           -0.008549750418137835,
           0.27941779726557436,
           0.3158779804478739,
           0.8330166583242793,
           0.8066980027525964,
           0.46783192347193703,
           0.4281280788058564,
           0.12468958036530746,
           0.15545182973809998,
           0.040206195361207925,
           0.0736857920395846,
           0.24868632297608098,
           0.046593832616941035,
           1,
           0.9858340776911276,
           0.445095760291942,
           0.7710855856669289,
           0.8209477470827886,
           0.7434730429314265,
           0.6113108936851106,
           0.8135926321055886,
           0.4148345586117607
          ],
          [
           0.1975720944200531,
           0.6735745634264974,
           0.6392406096451683,
           0.7773649416194512,
           0.325436281535238,
           0.4491394088920283,
           0.4447762573982058,
           0.3315356744669808,
           0.06109877492698174,
           0.022402524683517853,
           0.34027859452917947,
           0.37320721109948213,
           0.865223294924853,
           0.8471255492268062,
           0.5291164655735917,
           0.4836116266508954,
           0.1293652890626997,
           0.18054751813252273,
           0.07072785950880786,
           0.03689301137987441,
           0.24209622297666605,
           0.050972783890844066,
           0.9858340776911276,
           1,
           0.3205813130389035,
           0.7899733156576426,
           0.8501862341384304,
           0.7731164913941855,
           0.6278352549812992,
           0.8494722478478354,
           0.46724095244404407
          ],
          [
           -0.24863186320318278,
           0.02087241116464558,
           -0.01929167393164663,
           0.029898346059055263,
           -0.17108839577021706,
           0.04148100643460701,
           -0.10916604750687638,
           -0.15820301983806692,
           -0.08133195694599715,
           -0.17650746751049687,
           -0.18892063700922676,
           -0.15025182903675968,
           0.25117973007087685,
           0.13690697546000283,
           -0.08207575211785148,
           -0.08446895733001607,
           0.010562061936494649,
           -0.15186133396516138,
           -0.19318568767501662,
           0.27502446413357956,
           0.1668913409393392,
           -0.012541125794002853,
           0.445095760291942,
           0.3205813130389035,
           1,
           0.2500824944208233,
           0.23394184317075017,
           0.2224252036716425,
           0.15439331632399741,
           0.22002749723805978,
           -0.007196138426111413
          ],
          [
           0.3323560208032876,
           0.5911522991425099,
           0.37706160165331676,
           0.5792833837365383,
           0.2915844636648144,
           0.6178137899669283,
           0.4952366408324119,
           0.2994876858614716,
           0.04728671989002061,
           0.012214563994529486,
           0.3464956427362355,
           0.3864666394249063,
           0.7404618100363786,
           0.6927795928422339,
           0.45138749871339096,
           0.4085950370919889,
           0.07767956941349392,
           0.1319759890816272,
           0.04400934187920519,
           0.04786123387493441,
           0.3137928790582626,
           -0.013480217247911533,
           0.7710855856669289,
           0.7899733156576426,
           0.2500824944208233,
           1,
           0.8145773198868475,
           0.8280312692140933,
           0.5654205940805874,
           0.7498071745731927,
           0.5843084431889983
          ],
          [
           0.21508188906967188,
           0.6761882306056414,
           0.5112841891656704,
           0.7151938643165333,
           0.4046253293625868,
           0.4669881317276391,
           0.5119414210280111,
           0.38796003867907286,
           0.15012197118759482,
           0.11183449576002477,
           0.4154142313762742,
           0.42609789838081336,
           0.7937755040493982,
           0.7487435588755932,
           0.5689153899152136,
           0.5034422496213369,
           0.08047048428230662,
           0.21225763101130704,
           0.1243030049445188,
           0.00043268480866376336,
           0.3265679182867193,
           0.07427160101657848,
           0.8209477470827886,
           0.8501862341384304,
           0.23394184317075017,
           0.8145773198868475,
           1,
           0.7708859516806073,
           0.5628700383602672,
           0.9076717956997021,
           0.5261711209530914
          ],
          [
           0.17002704228021567,
           0.46118782004311804,
           0.34148909928766963,
           0.506261725694226,
           0.24677909591450525,
           0.4434304413441758,
           0.38345991174930916,
           0.23230993753846996,
           0.10472412308450654,
           0.05531504831430348,
           0.22198257769669116,
           0.23252864737939272,
           0.8920337488758415,
           0.640803219810922,
           0.4104499567654133,
           0.3612314527896973,
           0.07662435760902926,
           0.081837189887707,
           0.030853334795417457,
           0.2540417955737676,
           0.36280209790586193,
           0.08989847154926975,
           0.7434730429314265,
           0.7731164913941855,
           0.2224252036716425,
           0.8280312692140933,
           0.7708859516806073,
           1,
           0.6681734240692528,
           0.7585843814997025,
           0.5057004742278132
          ],
          [
           0.13169979070497875,
           0.3203282971617565,
           0.20778342777931808,
           0.341078907984024,
           0.17179827503018386,
           0.2231681163754528,
           0.2285410908561197,
           0.15150049362817913,
           0.1041739409655428,
           0.04594786654052684,
           0.08499565662850833,
           0.08067220848239623,
           0.6110730141705132,
           0.5409212821626451,
           0.3012048013562754,
           0.28105027647775827,
           0.08181334358310934,
           0.04774018111043575,
           -0.04966384911490992,
           0.2465781379737456,
           0.2487427091457302,
           0.16143247015346657,
           0.6113108936851106,
           0.6278352549812992,
           0.15439331632399741,
           0.5654205940805874,
           0.5628700383602672,
           0.6681734240692528,
           1,
           0.5734605810418917,
           0.26067842572038685
          ],
          [
           0.14301210875085807,
           0.69436230710448,
           0.601368994252541,
           0.7848729082292907,
           0.3815894468592102,
           0.4227809846184387,
           0.47488296156515125,
           0.37026335973589286,
           0.1281488736171177,
           0.11529169456492597,
           0.46759339161460123,
           0.48278312245766414,
           0.8111843220146667,
           0.8059827322317423,
           0.7015207002820435,
           0.5700060467464332,
           0.06051329463591289,
           0.13747014853546569,
           0.06141602066374203,
           0.02121514828179502,
           0.33291166000259464,
           -0.03774496301722407,
           0.8135926321055886,
           0.8494722478478354,
           0.22002749723805978,
           0.7498071745731927,
           0.9076717956997021,
           0.7585843814997025,
           0.5734605810418917,
           1,
           0.5558435845885935
          ],
          [
           0.23654226842557302,
           0.4827060796297788,
           0.42155367630975893,
           0.5668148550317008,
           0.44805726866532125,
           0.7209059011652766,
           0.6584084415542113,
           0.418329347610845,
           0.2007124897523779,
           0.1410618909394615,
           0.45414062349484746,
           0.4611515599698711,
           0.45713946353165086,
           0.4915204022094344,
           0.42354363585191956,
           0.42116111293072056,
           0.14432594011014835,
           0.2386077913132564,
           0.1624938677887491,
           -0.21198982400659744,
           0.1571924038091006,
           0.0905786994632805,
           0.4148345586117607,
           0.46724095244404407,
           -0.007196138426111413,
           0.5843084431889983,
           0.5261711209530914,
           0.5057004742278132,
           0.26067842572038685,
           0.5558435845885935,
           1
          ]
         ]
        }
       ],
       "layout": {
        "coloraxis": {
         "colorscale": [
          [
           0,
           "#0d0887"
          ],
          [
           0.1111111111111111,
           "#46039f"
          ],
          [
           0.2222222222222222,
           "#7201a8"
          ],
          [
           0.3333333333333333,
           "#9c179e"
          ],
          [
           0.4444444444444444,
           "#bd3786"
          ],
          [
           0.5555555555555556,
           "#d8576b"
          ],
          [
           0.6666666666666666,
           "#ed7953"
          ],
          [
           0.7777777777777778,
           "#fb9f3a"
          ],
          [
           0.8888888888888888,
           "#fdca26"
          ],
          [
           1,
           "#f0f921"
          ]
         ]
        },
        "margin": {
         "t": 60
        },
        "template": {
         "data": {
          "bar": [
           {
            "error_x": {
             "color": "#2a3f5f"
            },
            "error_y": {
             "color": "#2a3f5f"
            },
            "marker": {
             "line": {
              "color": "#E5ECF6",
              "width": 0.5
             },
             "pattern": {
              "fillmode": "overlay",
              "size": 10,
              "solidity": 0.2
             }
            },
            "type": "bar"
           }
          ],
          "barpolar": [
           {
            "marker": {
             "line": {
              "color": "#E5ECF6",
              "width": 0.5
             },
             "pattern": {
              "fillmode": "overlay",
              "size": 10,
              "solidity": 0.2
             }
            },
            "type": "barpolar"
           }
          ],
          "carpet": [
           {
            "aaxis": {
             "endlinecolor": "#2a3f5f",
             "gridcolor": "white",
             "linecolor": "white",
             "minorgridcolor": "white",
             "startlinecolor": "#2a3f5f"
            },
            "baxis": {
             "endlinecolor": "#2a3f5f",
             "gridcolor": "white",
             "linecolor": "white",
             "minorgridcolor": "white",
             "startlinecolor": "#2a3f5f"
            },
            "type": "carpet"
           }
          ],
          "choropleth": [
           {
            "colorbar": {
             "outlinewidth": 0,
             "ticks": ""
            },
            "type": "choropleth"
           }
          ],
          "contour": [
           {
            "colorbar": {
             "outlinewidth": 0,
             "ticks": ""
            },
            "colorscale": [
             [
              0,
              "#0d0887"
             ],
             [
              0.1111111111111111,
              "#46039f"
             ],
             [
              0.2222222222222222,
              "#7201a8"
             ],
             [
              0.3333333333333333,
              "#9c179e"
             ],
             [
              0.4444444444444444,
              "#bd3786"
             ],
             [
              0.5555555555555556,
              "#d8576b"
             ],
             [
              0.6666666666666666,
              "#ed7953"
             ],
             [
              0.7777777777777778,
              "#fb9f3a"
             ],
             [
              0.8888888888888888,
              "#fdca26"
             ],
             [
              1,
              "#f0f921"
             ]
            ],
            "type": "contour"
           }
          ],
          "contourcarpet": [
           {
            "colorbar": {
             "outlinewidth": 0,
             "ticks": ""
            },
            "type": "contourcarpet"
           }
          ],
          "heatmap": [
           {
            "colorbar": {
             "outlinewidth": 0,
             "ticks": ""
            },
            "colorscale": [
             [
              0,
              "#0d0887"
             ],
             [
              0.1111111111111111,
              "#46039f"
             ],
             [
              0.2222222222222222,
              "#7201a8"
             ],
             [
              0.3333333333333333,
              "#9c179e"
             ],
             [
              0.4444444444444444,
              "#bd3786"
             ],
             [
              0.5555555555555556,
              "#d8576b"
             ],
             [
              0.6666666666666666,
              "#ed7953"
             ],
             [
              0.7777777777777778,
              "#fb9f3a"
             ],
             [
              0.8888888888888888,
              "#fdca26"
             ],
             [
              1,
              "#f0f921"
             ]
            ],
            "type": "heatmap"
           }
          ],
          "heatmapgl": [
           {
            "colorbar": {
             "outlinewidth": 0,
             "ticks": ""
            },
            "colorscale": [
             [
              0,
              "#0d0887"
             ],
             [
              0.1111111111111111,
              "#46039f"
             ],
             [
              0.2222222222222222,
              "#7201a8"
             ],
             [
              0.3333333333333333,
              "#9c179e"
             ],
             [
              0.4444444444444444,
              "#bd3786"
             ],
             [
              0.5555555555555556,
              "#d8576b"
             ],
             [
              0.6666666666666666,
              "#ed7953"
             ],
             [
