{
 "cells": [
  {
   "cell_type": "markdown",
   "metadata": {},
   "source": [
    "Questa sezione tratta la correlazione delle statistiche. \n",
    "\n",
    "Il calcio moderno è diventato molto caro, sopratutto per il reparto di attacco. Le società chiedono tantissimi soldi per un giocatore \"solamente\" perchè ha realizzato molti Gol o Assist. Non tutte le squadre, però, hanno una disponibilità economica elevata per puntare su un attaccante già affermato che ha realizzato numeri altissimi. L'idea dietro a questa analisi è quella di capire se ci sono delle statistiche ben relazionate con quelle sopracitate, che una squadra può andare ad analizzare per trovare un attaccante d'impatto per la propria squadra. Vogliamo trovare quali sono queste statisitche."
   ]
  },
  {
   "cell_type": "code",
   "execution_count": 1,
   "metadata": {},
   "outputs": [],
   "source": [
    "# Importo le librerie necessarie per il codice\n",
    "\n",
    "import pandas as pd\n",
    "import plotly.express as px\n",
    "pd.set_option('display.max_columns', None)\n",
    "\n",
    "# Elenco dei file da leggere\n",
    "files = ['attaccanti_23.xlsx', 'attaccanti_22.xlsx', 'attaccanti_21.xlsx', 'attaccanti_20.xlsx', 'attaccanti_19.xlsx']\n",
    "\n",
    "# Faccio un dizionario per mappare i file agli anni\n",
    "year_mapping = {'attaccanti_23.xlsx': 2023,'attaccanti_22.xlsx': 2022,'attaccanti_21.xlsx': 2021,'attaccanti_20.xlsx': 2020,'attaccanti_19.xlsx': 2019}"
   ]
  },
  {
   "cell_type": "code",
   "execution_count": 2,
   "metadata": {},
   "outputs": [],
   "source": [
    "# Questa sezione è divisa in due parti. \n",
    "\n",
    "# La prima parte si occupa esclusivamente  delle tabelle di correlazione infatti, una volta scaricati i file,\n",
    "# si potranno visualizzare cinque quadrati interattivi che riportano come si correlano tra di loro le statistiche \n",
    "# selezionate nel dataframe. \n",
    "# Alla fine per comodità verranno riportate le colonne usate.\n",
    "\n",
    "# Nella seconda parte abbiamo inserito una funzione che ha come scopo quello di scoprire quali sono le 5 statistiche meglio e peggio\n",
    "# correlate con quella desiderata data in input. Ed una funzione che restituisce l'elenco di tutti gli indici di correlazione\n",
    "# con le altre statistiche. Ed infine una terza funzione che ha come scopo quello di vedere come sono correlate\n",
    "# due statistiche specifiche, date in input alla funzione, e vedere come la loro correlazione è cambiata negli ultimi 5 anni,\n",
    "# sicuramente utile per scoprire se la correlazione o scorrelazione di due dati sia casuale o una cosa costante nel tempo."
   ]
  },
  {
   "cell_type": "markdown",
   "metadata": {},
   "source": [
    "Prima di tutto bisogna fare un processo di 'data cleaning' ovvero una pulizia del dataframe, aggiungendo colonne che possono essere utili oppure togliendone altre che non voglio prendere in considerazione.\n",
    "\n",
    "Per prima cosa togliamo i dati dei cartellini gialli e rossi collezionati dai giocatori, in quanto rappresentano la disciplina di questi e non le loro capacità balistiche. Dopodiche eliminiamo le colonne relative ai calci piazzati in quanto rigori e punizioni hanno i propri specialisti scelti dall'allenatore, che non devono essere obbligatoriamente attaccanti, che battono tutti quelli che vengono assegnati nelle partite. Non sarebbe quindi equo considerare una statistica alla quale la maggior parte dei giocatori non prendono neanche parte.\n",
    "\n",
    "Ovviamente scartiamo le celle relative al Nome del giocatore, la Squadra per cui gioca e la sua Nazionalità.\n",
    "Subito dopo togliamo quelle colonne che rappresentano \"operazioni\" fra altre statistiche, come ad esempio somme fra due dati, percentuali o rapporti, in quanto non sono statistiche di gioco (realizzate sul campo dal giocatore) ma create ad hoc per altri tipi di analisi non inerenti al nostro."
   ]
  },
  {
   "cell_type": "code",
   "execution_count": 2,
   "metadata": {},
   "outputs": [
    {
     "data": {
      "application/vnd.plotly.v1+json": {
       "config": {
        "plotlyServerURL": "https://plot.ly"
       },
       "data": [
        {
         "coloraxis": "coloraxis",
         "hovertemplate": "x: %{x}<br>y: %{y}<br>color: %{z}<extra></extra>",
         "name": "0",
         "type": "heatmap",
         "x": [
          "Age",
          "MP",
          "Starts",
          "Min",
          "Gls",
          "Ast",
          "xG",
          "PrgP",
          "PrgR",
          "Sh",
          "SoT",
          "Dist",
          "Cmp",
          "Att",
          "xA",
          "KP",
          "PPA",
          "CrsPA",
          "SCA",
          "GCA",
          "Tkl",
          "TklW",
          "Mid 3rd",
          "Att 3rd",
          "Touches",
          "Mid 3rd.1",
          "Att 3rd.1",
          "Att.1",
          "Succ",
          "Carries",
          "TotDist",
          "Fld",
          "Off",
          "Crs",
          "Won",
          "Lost",
          "Duels"
         ],
         "xaxis": "x",
         "y": [
          "Age",
          "MP",
          "Starts",
          "Min",
          "Gls",
          "Ast",
          "xG",
          "PrgP",
          "PrgR",
          "Sh",
          "SoT",
          "Dist",
          "Cmp",
          "Att",
          "xA",
          "KP",
          "PPA",
          "CrsPA",
          "SCA",
          "GCA",
          "Tkl",
          "TklW",
          "Mid 3rd",
          "Att 3rd",
          "Touches",
          "Mid 3rd.1",
          "Att 3rd.1",
          "Att.1",
          "Succ",
          "Carries",
          "TotDist",
          "Fld",
          "Off",
          "Crs",
          "Won",
          "Lost",
          "Duels"
         ],
         "yaxis": "y",
         "z": [
          [
           1,
           0.2211410155858123,
           0.17465082860572134,
           0.1448648864519049,
           0.1977745624104004,
           0.18262695776869764,
           0.21283006752942535,
           0.14761685906365524,
           0.1409306111053419,
           0.15245731175571484,
           0.15412875877927568,
           -0.09898429263203225,
           0.16482928652086865,
           0.18254589220142173,
           0.18342409501112425,
           0.1677967780903807,
           0.13407945954330255,
           0.10107776745350262,
           0.13235246466714645,
           0.15981403728472784,
           0.024612879204030446,
           0.014180594627627609,
           -0.016834647038788727,
           0.06568843794453966,
           0.1655633049227882,
           0.17876488201099763,
           0.1441970902784746,
           -0.038771448336882876,
           -0.06043381914056181,
           0.1316000096544621,
           0.056905794219514125,
           0.11976865909738005,
           0.2765786687212397,
           0.14225014123441723,
           0.22492892853413196,
           0.12207644551896892,
           0.18025390279182046
          ],
          [
           0.2211410155858123,
           1,
           0.8531213709544582,
           -0.11723027478185548,
           0.6592999001083631,
           0.6489807971964618,
           0.7211740641523784,
           0.7040509572061806,
           0.8411464865266699,
           0.8174685726905399,
           0.7713034403245352,
           -0.12994659962523625,
           0.7850723193721298,
           0.8085911828863473,
           0.7053075322785249,
           0.7614652292318611,
           0.6489521144945174,
           0.49362632527390315,
           0.7966626200039253,
           0.7067221425736832,
           0.7289418222110626,
           0.694566538469195,
           0.6912327517725859,
           0.6786828621127077,
           0.8465996646427649,
           0.8384484951769406,
           0.8298755348730579,
           0.6779427170679567,
           0.6448447554637026,
           0.8280964785799322,
           0.7496289496281799,
           0.7804538524786325,
           0.5710174697904937,
           0.5539055144038522,
           0.4864064312186994,
           0.6139736540596301,
           0.5774893499237332
          ],
          [
           0.17465082860572134,
           0.8531213709544582,
           1,
           -0.3520688699465192,
           0.7751304973685476,
           0.7083892720190809,
           0.7926307704185196,
           0.7949701985672378,
           0.9061927007775578,
           0.9016185945186593,
           0.8343123785478789,
           -0.024906057255590364,
           0.8675075817382499,
           0.8941570540404021,
           0.7642700961815246,
           0.8366342957991374,
           0.74094145572324,
           0.5543519810261812,
           0.8847259146486307,
           0.7955302528053764,
           0.7699393048589654,
           0.7418522336571176,
           0.7226242808485837,
           0.7280757105382805,
           0.931045528812272,
           0.9214794464458751,
           0.9154657504612532,
           0.7623796101561887,
           0.7247071930366042,
           0.9104764926564238,
           0.8343478871895981,
           0.8501061142836505,
           0.588755707094809,
           0.6327198092741525,
           0.5024859399257146,
           0.6099533773362168,
           0.5835390348376429
          ],
          [
           0.1448648864519049,
           -0.11723027478185548,
           -0.3520688699465192,
           1,
           -0.26161596846102375,
           -0.26797021358582673,
           -0.24895717159065647,
           -0.26381829531684525,
           -0.31466526277579016,
           -0.3203318570982298,
           -0.2875794416342296,
           -0.18994331858371652,
           -0.28802154655457546,
           -0.30284595964567784,
           -0.27997186611150104,
           -0.2948229301558285,
           -0.27146061899605883,
           -0.233632796047397,
           -0.3083405835691299,
           -0.2727968893965195,
           -0.25664778276468014,
           -0.2447737312077947,
           -0.23417357074644732,
           -0.19326281972903286,
           -0.3163910583572309,
           -0.2951665448316093,
           -0.3236360601495196,
           -0.28683641518187863,
           -0.2585168371089241,
           -0.31224391401755086,
           -0.3046926344342197,
           -0.26313141616093777,
           -0.20341267099908797,
           -0.2781240780060176,
           -0.12962525817426124,
           -0.1279889519478877,
           -0.13478926282420273
          ],
          [
           0.1977745624104004,
           0.6592999001083631,
           0.7751304973685476,
           -0.26161596846102375,
           1,
           0.6800939250456844,
           0.9354220145380396,
           0.6057468564275618,
           0.7426047154367624,
           0.8559291984968797,
           0.8833771829622946,
           -0.1736929953667108,
           0.6523206890985132,
           0.6760122664505072,
           0.6127378656652609,
           0.6949535142252389,
           0.5564244865710206,
           0.30688131401122287,
           0.7203084803174025,
           0.7766225953034253,
           0.4572383796119175,
           0.4423423452376122,
           0.4371936814181867,
           0.5334787830040095,
           0.7191842991930603,
           0.711094232502449,
           0.7329964413948518,
           0.5688006879079749,
           0.5330378941074359,
           0.698554520553154,
           0.584709045591724,
           0.6511747214153302,
           0.6020299330812856,
           0.3978017749735697,
           0.4957964649604277,
           0.5305669648876314,
           0.5375513600491941
          ],
          [
           0.18262695776869764,
           0.6489807971964618,
           0.7083892720190809,
           -0.26797021358582673,
           0.6800939250456844,
           1,
           0.654525503252893,
           0.7023777122083804,
           0.7623107289538377,
           0.6854227406295671,
           0.6937723655448662,
           -0.025632630535492574,
           0.7300033280501346,
           0.7386927233530485,
           0.7740110619603474,
           0.7650364987470177,
           0.7262726830263887,
           0.5434316803659046,
           0.7532237058259635,
           0.8803916746068967,
           0.5755369253607695,
           0.5574853806762912,
           0.5246263844432494,
           0.5943434536545712,
           0.7468324023484867,
           0.7221519402857728,
           0.7647431979502772,
           0.6281015235314269,
           0.615256449704926,
           0.7448264372957568,
           0.7117906652170766,
           0.6032274612744596,
           0.45569588589709076,
           0.5709756690707823,
           0.26258584286943265,
           0.2859394328278463,
           0.28734858890743903
          ],
          [
           0.21283006752942535,
           0.7211740641523784,
           0.7926307704185196,
           -0.24895717159065647,
           0.9354220145380396,
           0.654525503252893,
           1,
           0.5752506049654613,
           0.7542701742850116,
           0.9054038227288664,
           0.9097707810564096,
           -0.23479410800044861,
           0.635066906201037,
           0.6586334337288245,
           0.5908269062716627,
           0.6722642674296457,
           0.5292071641193783,
           0.28110837413419293,
           0.7148586242570845,
           0.7499800590703211,
           0.47506403494679483,
           0.4581708033592625,
           0.4531487801407224,
           0.5629243577297373,
           0.7138914288405587,
           0.7079907361127181,
           0.7304343889223323,
           0.5844686620223158,
           0.5566896241026098,
           0.6904304682073314,
           0.5856072778390914,
           0.6937884839282518,
           0.6890485615889798,
           0.3537114260765282,
           0.5539669206686684,
           0.5964308115829277,
           0.602558871719278
          ],
          [
           0.14761685906365524,
           0.7040509572061806,
           0.7949701985672378,
           -0.26381829531684525,
           0.6057468564275618,
           0.7023777122083804,
           0.5752506049654613,
           1,
           0.8071006995906848,
           0.6951629742691204,
           0.6110611246375904,
           0.21861435187479733,
           0.945312040633566,
           0.9446031883236414,
           0.884351646558345,
           0.9089052239073201,
           0.9418397735867523,
           0.6803270836521472,
           0.916849331357731,
           0.7697950715100041,
           0.7292984668226236,
           0.6994615946001909,
           0.663662773299828,
           0.7002509237820799,
           0.9229128636289422,
           0.9083998451769091,
           0.9101252839832782,
           0.7693614160489699,
           0.7557752036694482,
           0.917944543833196,
           0.8754059629257828,
           0.6668995107283295,
           0.2938759829638081,
           0.774533286510268,
           0.15461769512005674,
           0.24176028604482716,
           0.20855750352663066
          ],
          [
           0.1409306111053419,
           0.8411464865266699,
           0.9061927007775578,
           -0.31466526277579016,
           0.7426047154367624,
           0.7623107289538377,
           0.7542701742850116,
           0.8071006995906848,
           1,
           0.8812245511694597,
           0.8513546705817281,
           -0.013595995319030845,
           0.8795603021636121,
           0.8947362052774168,
           0.8424998421728812,
           0.8494967163840792,
           0.8152314051544437,
           0.6252298913120412,
           0.9058658155064836,
           0.8380861682489049,
           0.7441395756755427,
           0.7202515064469418,
           0.6677498216187143,
           0.7404748508009025,
           0.9225651540444,
           0.8756844395588235,
           0.9567429006524572,
           0.8431787230159025,
           0.8070945038986332,
           0.9361581542862514,
           0.9016814806200677,
           0.8344365963167064,
           0.5655951826355317,
           0.6720247159627267,
           0.375594500666979,
           0.47368367651097976,
           0.4457040389644945
          ],
          [
           0.15245731175571484,
           0.8174685726905399,
           0.9016185945186593,
           -0.3203318570982298,
           0.8559291984968797,
           0.6854227406295671,
           0.9054038227288664,
           0.6951629742691204,
           0.8812245511694597,
           1,
           0.955855104104282,
           -0.07398770602299407,
           0.7642471964192828,
           0.7923560360523311,
           0.704133140103743,
           0.7814757599303725,
           0.661649867581646,
           0.4677400577025446,
           0.8484962756413723,
           0.7667847901711631,
           0.6463188334770079,
           0.6199367267703854,
           0.6093121549816646,
           0.6754957565015269,
           0.847084105046398,
           0.8195325852876187,
           0.8727665076889903,
           0.750406751985513,
           0.7149014619331548,
           0.8377905818003448,
           0.7638005214078816,
           0.8165877003865025,
           0.6253989348593818,
           0.5442245195913138,
           0.5215413184682048,
           0.6123090291099532,
           0.5945266951036655
          ],
          [
           0.15412875877927568,
           0.7713034403245352,
           0.8343123785478789,
           -0.2875794416342296,
           0.8833771829622946,
           0.6937723655448662,
           0.9097707810564096,
           0.6110611246375904,
           0.8513546705817281,
           0.955855104104282,
           1,
           -0.1533796356053488,
           0.6891989321008,
           0.7181402577756498,
           0.6437030298254627,
           0.7164519642025731,
           0.5814793313912008,
           0.39535364096550174,
           0.7752806520837746,
           0.7479079760417244,
           0.5777565908814258,
           0.5607670441594887,
           0.536206362063558,
           0.6248842709697587,
           0.7759340446918648,
           0.7450625290037884,
           0.8114857095941695,
           0.6903758377693743,
           0.6523092334850772,
           0.7720442167697912,
           0.6962494515405387,
           0.7515250541472273,
           0.6527942722730502,
           0.47425798405178055,
           0.5261544155722644,
           0.562337620969327,
           0.5700818402300492
          ],
          [
           -0.09898429263203225,
           -0.12994659962523625,
           -0.024906057255590364,
           -0.18994331858371652,
           -0.1736929953667108,
           -0.025632630535492574,
           -0.23479410800044861,
           0.21861435187479733,
           -0.013595995319030845,
           -0.07398770602299407,
           -0.1533796356053488,
           1,
           0.15007505655813144,
           0.14181701039711828,
           0.15702177810758497,
           0.14475392051344912,
           0.21940298887502116,
           0.24195740297746884,
           0.13668654612977535,
           -0.03590260866223727,
           0.150402070262135,
           0.14340504679946964,
           0.13442063361963977,
           0.039904375442642026,
           0.10356318310027574,
           0.08669776054189712,
           0.09543417394512163,
           0.15077828325192083,
           0.15973075427924174,
           0.11921025271369676,
           0.17552693670163674,
           -0.016643887879543455,
           -0.2711764440657213,
           0.32332290387981905,
           -0.40928221869910075,
           -0.3345658033074272,
           -0.3900351495527645
          ],
          [
           0.16482928652086865,
           0.7850723193721298,
           0.8675075817382499,
           -0.28802154655457546,
           0.6523206890985132,
           0.7300033280501346,
           0.635066906201037,
           0.945312040633566,
           0.8795603021636121,
           0.7642471964192828,
           0.6891989321008,
           0.15007505655813144,
           1,
           0.9938601253581293,
           0.8836807205103463,
           0.918134831215458,
           0.9023110498772926,
           0.659216682398456,
           0.9369735458991159,
           0.8112912287692757,
           0.7939962176358547,
           0.7597744684406872,
           0.728209435350676,
           0.7030355423550552,
           0.9797998407908972,
           0.969185839578324,
           0.9574407247840158,
           0.8234978865131346,
           0.8004773305507772,
           0.9780543455141988,
           0.9358415042593397,
           0.7588948059538311,
           0.36318980151201324,
           0.7646573021851777,
           0.22766757269227936,
           0.30792041609932713,
           0.2813171857375221
          ],
          [
           0.18254589220142173,
           0.8085911828863473,
           0.8941570540404021,
           -0.30284595964567784,
           0.6760122664505072,
           0.7386927233530485,
           0.6586334337288245,
           0.9446031883236414,
           0.8947362052774168,
           0.7923560360523311,
           0.7181402577756498,
           0.14181701039711828,
           0.9938601253581293,
           1,
           0.8907980388331838,
           0.9287229127534508,
           0.9000955825805467,
           0.6724554598515105,
           0.9469820637966324,
           0.8158705366675522,
           0.8019123316132286,
           0.7666575562751942,
           0.7361239814047732,
           0.7118885093731712,
           0.9911692527116571,
           0.9797204380843582,
           0.9685652270289277,
           0.8213925483206835,
           0.7925357637914301,
           0.9824210966784497,
           0.9319198951342724,
           0.7823571577549626,
           0.4008381378817252,
           0.7923573243989982,
           0.28240139525517766,
           0.3573678937589211,
           0.33576702775459366
          ],
          [
           0.18342409501112425,
           0.7053075322785249,
           0.7642700961815246,
           -0.27997186611150104,
           0.6127378656652609,
           0.7740110619603474,
           0.5908269062716627,
           0.884351646558345,
           0.8424998421728812,
           0.704133140103743,
           0.6437030298254627,
           0.15702177810758497,
           0.8836807205103463,
           0.8907980388331838,
           1,
           0.9332297411999056,
           0.9132434574363527,
           0.7406464936315231,
           0.9237050777923321,
           0.8363836170975083,
           0.6644156625706129,
           0.6321983572486853,
           0.5957347401874024,
           0.6476503359864657,
           0.8745612323295294,
           0.8309070318607573,
           0.9008885582745167,
           0.7900231815866647,
           0.7791201083356833,
           0.8819606987248692,
           0.8800441376833316,
           0.682080272888164,
           0.3460595751213714,
           0.8273914624187401,
           0.11611709118107388,
           0.1930924992568628,
           0.16280994776075886
          ],
          [
           0.1677967780903807,
           0.7614652292318611,
           0.8366342957991374,
           -0.2948229301558285,
           0.6949535142252389,
           0.7650364987470177,
           0.6722642674296457,
           0.9089052239073201,
           0.8494967163840792,
           0.7814757599303725,
           0.7164519642025731,
           0.14475392051344912,
           0.918134831215458,
           0.9287229127534508,
           0.9332297411999056,
           1,
           0.896549853652219,
           0.6958870706700264,
           0.9758198701604817,
           0.828542161327944,
           0.694194359334991,
           0.659271702418457,
           0.6402167601829519,
           0.6867270508553389,
           0.9232291819848153,
           0.8939759277848114,
           0.9324762294081557,
           0.8030486351837044,
           0.7848311050871074,
           0.9179614575769952,
           0.8837894085222391,
           0.7218226005360721,
           0.40477991110419453,
           0.8213935733600536,
           0.20015824090963838,
           0.2891093858931928,
           0.25719049306242536
          ],
          [
           0.13407945954330255,
           0.6489521144945174,
           0.74094145572324,
           -0.27146061899605883,
           0.5564244865710206,
           0.7262726830263887,
           0.5292071641193783,
           0.9418397735867523,
           0.8152314051544437,
           0.661649867581646,
           0.5814793313912008,
           0.21940298887502116,
           0.9023110498772926,
           0.9000955825805467,
           0.9132434574363527,
           0.896549853652219,
           1,
           0.7908823733155573,
           0.904564215606453,
           0.7880755989051269,
           0.6714861830531764,
           0.6491586398735827,
           0.6003372639934106,
           0.6503826686263151,
           0.8780383091757533,
           0.836499144441737,
           0.8991167879039534,
           0.8057142971578932,
           0.7877873740324298,
           0.8883221113940136,
           0.8853593008382313,
           0.6495485258314059,
           0.2680454505030411,
           0.786750080088702,
           0.07831750951858968,
           0.15677421460989385,
           0.12404301503290692
          ],
          [
           0.10107776745350262,
           0.49362632527390315,
           0.5543519810261812,
           -0.233632796047397,
           0.30688131401122287,
           0.5434316803659046,
           0.28110837413419293,
           0.6803270836521472,
           0.6252298913120412,
           0.4677400577025446,
           0.39535364096550174,
           0.24195740297746884,
           0.659216682398456,
           0.6724554598515105,
           0.7406464936315231,
           0.6958870706700264,
           0.7908823733155573,
           1,
           0.6984166894133973,
           0.5451015342821214,
           0.4803415264667783,
           0.49048859239145787,
           0.39976242978411075,
           0.42719202500997905,
           0.6461634712978207,
           0.5891149775139565,
           0.6776792431444486,
           0.5959958703538378,
           0.5612779793655243,
           0.6753341567172474,
           0.7309046678079651,
           0.5355568691081596,
           0.1998985966587057,
           0.8033320590268489,
           -0.04745000606078326,
           0.029309648977203062,
           -0.008496340181330081
          ],
          [
           0.13235246466714645,
           0.7966626200039253,
           0.8847259146486307,
           -0.3083405835691299,
           0.7203084803174025,
           0.7532237058259635,
           0.7148586242570845,
           0.916849331357731,
           0.9058658155064836,
           0.8484962756413723,
           0.7752806520837746,
           0.13668654612977535,
           0.9369735458991159,
           0.9469820637966324,
           0.9237050777923321,
           0.9758198701604817,
           0.904564215606453,
           0.6984166894133973,
           1,
           0.8457537863863566,
           0.7455931230233616,
           0.7130387090747985,
           0.6869793161072428,
           0.7341033271964169,
           0.954040928981576,
           0.9185643777423759,
           0.970528939000586,
           0.8659700530850766,
           0.846042102390602,
           0.9561813242942487,
           0.9274459461911536,
           0.7938006120788103,
           0.4381864131116934,
           0.7984944952923965,
           0.2498839513480234,
           0.3494565264644767,
           0.3149299385428718
          ],
          [
           0.15981403728472784,
           0.7067221425736832,
           0.7955302528053764,
           -0.2727968893965195,
           0.7766225953034253,
           0.8803916746068967,
           0.7499800590703211,
           0.7697950715100041,
           0.8380861682489049,
           0.7667847901711631,
           0.7479079760417244,
           -0.03590260866223727,
           0.8112912287692757,
           0.8158705366675522,
           0.8363836170975083,
           0.828542161327944,
           0.7880755989051269,
           0.5451015342821214,
           0.8457537863863566,
           1,
           0.6079424172628538,
           0.5837298623759919,
           0.5805982085574699,
           0.6227914283706341,
           0.8251640598984059,
           0.801865522327447,
           0.8444292821297928,
           0.7144576639310383,
           0.7007705511705715,
           0.827329036087069,
           0.785862308820908,
           0.6985753460350049,
           0.501009733179534,
           0.5999381933496636,
           0.28831366489158483,
           0.34567280312272874,
           0.3325122571180234
          ],
          [
           0.024612879204030446,
           0.7289418222110626,
           0.7699393048589654,
           -0.25664778276468014,
           0.4572383796119175,
           0.5755369253607695,
           0.47506403494679483,
           0.7292984668226236,
           0.7441395756755427,
           0.6463188334770079,
           0.5777565908814258,
           0.150402070262135,
           0.7939962176358547,
           0.8019123316132286,
           0.6644156625706129,
           0.694194359334991,
           0.6714861830531764,
           0.4803415264667783,
           0.7455931230233616,
           0.6079424172628538,
           1,
           0.9724678081913934,
           0.9421914464216741,
           0.8075071841072862,
           0.8301670977449604,
           0.8252590645249026,
           0.7884727412442156,
           0.7625992597769463,
           0.7335310038570104,
           0.8143865605808362,
           0.7986806944915127,
           0.7334762899839145,
           0.25042872617133916,
           0.576003715070297,
           0.23284189199913147,
           0.32855861959062416,
           0.29502574740647997
          ],
          [
           0.014180594627627609,
           0.694566538469195,
           0.7418522336571176,
           -0.2447737312077947,
           0.4423423452376122,
           0.5574853806762912,
           0.4581708033592625,
           0.6994615946001909,
           0.7202515064469418,
           0.6199367267703854,
           0.5607670441594887,
           0.14340504679946964,
           0.7597744684406872,
           0.7666575562751942,
           0.6321983572486853,
           0.659271702418457,
           0.6491586398735827,
           0.49048859239145787,
           0.7130387090747985,
           0.5837298623759919,
           0.9724678081913934,
           1,
           0.9159137652965067,
           0.8038075496302333,
           0.7943569089277429,
           0.7895376959067789,
           0.7566371841220585,
           0.7430628305152418,
           0.7178926814470442,
           0.7857710110739322,
           0.7757575926422862,
           0.7169938181355437,
           0.23293232882334478,
           0.5662870596340546,
           0.20115228270736404,
           0.2916496069679961,
           0.2590600606232565
          ],
          [
           -0.016834647038788727,
           0.6912327517725859,
           0.7226242808485837,
           -0.23417357074644732,
           0.4371936814181867,
           0.5246263844432494,
           0.4531487801407224,
           0.663662773299828,
           0.6677498216187143,
           0.6093121549816646,
           0.536206362063558,
           0.13442063361963977,
           0.728209435350676,
           0.7361239814047732,
           0.5957347401874024,
           0.6402167601829519,
           0.6003372639934106,
           0.39976242978411075,
           0.6869793161072428,
           0.5805982085574699,
           0.9421914464216741,
           0.9159137652965067,
           1,
           0.6953407568635637,
           0.7677879122125117,
           0.7798518027594129,
           0.721065527530066,
           0.6933583297590541,
           0.678981113879361,
           0.7472911552811776,
           0.7184040778659813,
           0.7060527461180889,
           0.22770147683243022,
           0.5062936344290747,
           0.23386179623028605,
           0.34333830146683875,
           0.3034723761973235
          ],
          [
           0.06568843794453966,
           0.6786828621127077,
           0.7280757105382805,
           -0.19326281972903286,
           0.5334787830040095,
           0.5943434536545712,
           0.5629243577297373,
           0.7002509237820799,
           0.7404748508009025,
           0.6754957565015269,
           0.6248842709697587,
           0.039904375442642026,
           0.7030355423550552,
           0.7118885093731712,
           0.6476503359864657,
           0.6867270508553389,
           0.6503826686263151,
           0.42719202500997905,
           0.7341033271964169,
           0.6227914283706341,
           0.8075071841072862,
           0.8038075496302333,
           0.6953407568635637,
           1,
           0.74652986642161,
           0.7218829543339935,
           0.7607829140278647,
           0.7086193602742856,
           0.6823986483695453,
           0.740570565655899,
           0.7239176947161221,
           0.6644545206020112,
           0.33551608619940554,
           0.4982211727848869,
           0.2792987704895321,
           0.40638871940108295,
           0.36047292300823924
          ],
          [
           0.1655633049227882,
           0.8465996646427649,
           0.931045528812272,
           -0.3163910583572309,
           0.7191842991930603,
           0.7468324023484867,
           0.7138914288405587,
           0.9229128636289422,
           0.9225651540444,
           0.847084105046398,
           0.7759340446918648,
           0.10356318310027574,
           0.9797998407908972,
           0.9911692527116571,
           0.8745612323295294,
           0.9232291819848153,
           0.8780383091757533,
           0.6461634712978207,
           0.954040928981576,
           0.8251640598984059,
           0.8301670977449604,
           0.7943569089277429,
           0.7677879122125117,
           0.74652986642161,
           1,
           0.9874290265685878,
           0.9810353109207335,
           0.8533111480512515,
           0.8200382477080654,
           0.9901530612880564,
           0.93506188991422,
           0.8304012468953278,
           0.45052674862169895,
           0.757579985859911,
           0.34980972579072234,
           0.43746102127002534,
           0.41311979618211647
          ],
          [
           0.17876488201099763,
           0.8384484951769406,
           0.9214794464458751,
           -0.2951665448316093,
           0.711094232502449,
           0.7221519402857728,
           0.7079907361127181,
           0.9083998451769091,
           0.8756844395588235,
           0.8195325852876187,
           0.7450625290037884,
           0.08669776054189712,
           0.969185839578324,
           0.9797204380843582,
           0.8309070318607573,
           0.8939759277848114,
           0.836499144441737,
           0.5891149775139565,
           0.9185643777423759,
           0.801865522327447,
           0.8252590645249026,
           0.7895376959067789,
           0.7798518027594129,
           0.7218829543339935,
           0.9874290265685878,
           1,
           0.9425233984660414,
           0.8113518093395939,
           0.7828340050360324,
           0.9685454144824996,
           0.8942831264979495,
           0.8096634243441202,
           0.4393921175657889,
           0.7085825049090542,
           0.3854378298639731,
           0.4648339959076835,
           0.4459813258351197
          ],
          [
           0.1441970902784746,
           0.8298755348730579,
           0.9154657504612532,
           -0.3236360601495196,
           0.7329964413948518,
           0.7647431979502772,
           0.7304343889223323,
           0.9101252839832782,
           0.9567429006524572,
           0.8727665076889903,
           0.8114857095941695,
           0.09543417394512163,
           0.9574407247840158,
           0.9685652270289277,
           0.9008885582745167,
           0.9324762294081557,
           0.8991167879039534,
           0.6776792431444486,
           0.970528939000586,
           0.8444292821297928,
           0.7884727412442156,
           0.7566371841220585,
           0.721065527530066,
           0.7607829140278647,
           0.9810353109207335,
           0.9425233984660414,
           1,
           0.8812144886136646,
           0.8471376180964588,
           0.9844301835502342,
           0.9507465678721787,
           0.8347906354390263,
           0.4625552087898587,
           0.7733443656488299,
           0.3177729955774934,
           0.41460080227788393,
           0.38451115106868056
          ],
          [
           -0.038771448336882876,
           0.6779427170679567,
           0.7623796101561887,
           -0.28683641518187863,
           0.5688006879079749,
           0.6281015235314269,
           0.5844686620223158,
           0.7693614160489699,
           0.8431787230159025,
           0.750406751985513,
           0.6903758377693743,
           0.15077828325192083,
           0.8234978865131346,
           0.8213925483206835,
           0.7900231815866647,
           0.8030486351837044,
           0.8057142971578932,
           0.5959958703538378,
           0.8659700530850766,
           0.7144576639310383,
           0.7625992597769463,
           0.7430628305152418,
           0.6933583297590541,
           0.7086193602742856,
           0.8533111480512515,
           0.8113518093395939,
           0.8812144886136646,
           1,
           0.9816944602996251,
           0.8864719956010078,
           0.9275235980959918,
           0.7973725073364939,
           0.29881735586821134,
           0.6492645570440452,
           0.18352213283043722,
           0.29154102831628065,
           0.2500048001001595
          ],
          [
           -0.06043381914056181,
           0.6448447554637026,
           0.7247071930366042,
           -0.2585168371089241,
           0.5330378941074359,
           0.615256449704926,
           0.5566896241026098,
           0.7557752036694482,
           0.8070945038986332,
           0.7149014619331548,
           0.6523092334850772,
           0.15973075427924174,
           0.8004773305507772,
           0.7925357637914301,
           0.7791201083356833,
           0.7848311050871074,
           0.7877873740324298,
           0.5612779793655243,
           0.846042102390602,
           0.7007705511705715,
           0.7335310038570104,
           0.7178926814470442,
           0.678981113879361,
           0.6823986483695453,
           0.8200382477080654,
           0.7828340050360324,
           0.8471376180964588,
           0.9816944602996251,
           1,
           0.8542141584819712,
           0.9033100302309212,
           0.7557499034955915,
           0.2728403755676437,
           0.6167528149299344,
           0.15374932428193638,
           0.2489977962248737,
           0.21199573812876868
          ],
          [
           0.1316000096544621,
           0.8280964785799322,
           0.9104764926564238,
           -0.31224391401755086,
           0.698554520553154,
           0.7448264372957568,
           0.6904304682073314,
           0.917944543833196,
           0.9361581542862514,
           0.8377905818003448,
           0.7720442167697912,
           0.11921025271369676,
           0.9780543455141988,
           0.9824210966784497,
           0.8819606987248692,
